   1     2   .140455906949E+01   .152160565588E+01
   1     3   .238973465662E+01   .258887920670E+01
   1     4   .288060489916E+01   .312065530183E+01
   1     5   .234196520773E+01   .253712897050E+01
   1     6   .366780246702E+01   .397345266549E+01
   1     7   .431127588830E+01   .467054887062E+01
   1     8   .515932849692E+01   .558927252832E+01
   1     9   .998937548528E+00   .108218234230E+01
   1    10   .998409231656E+00   .108160999902E+01
   1    11   .998001613754E+00   .108116841296E+01
   1    12   .332412168174E+01   .360113181543E+01
   1    13   .452807302695E+01   .490541243708E+01
   1    14   .466553560884E+01   .505433023386E+01
   1    15   .446678726303E+01   .483901952628E+01
   1    16   .559974229871E+01   .606638747941E+01
   1    17   .598306120252E+01   .648164962445E+01
   1    18   .685217685594E+01   .742319158064E+01
   1    19   .714751623875E+01   .774314257811E+01
   1    20   .347520265517E+01   .376480286969E+01
   2     3   .147640478489E+01   .159943851410E+01
   2     4   .225162653738E+01   .243926207780E+01
   2     5   .146800982804E+01   .159034397753E+01
   2     6   .246664429769E+01   .267219798438E+01
   2     7   .316171303736E+01   .342518911767E+01
   2     8   .383562062631E+01   .415525567106E+01
   2     9   .197651317893E+01   .214122260667E+01
   2    10   .197633808466E+01   .214103292121E+01
   2    11   .197582203755E+01   .214047387018E+01
   2    12   .245079671062E+01   .265502976508E+01
   2    13   .375925311741E+01   .407252420323E+01
   2    14   .430167784299E+01   .466015098823E+01
   2    15   .441054843041E+01   .477809412439E+01
   2    16   .480998839598E+01   .521082075298E+01
   2    17   .495729295364E+01   .537040069015E+01
   2    18   .609493060794E+01   .660284148011E+01
   2    19   .618821510946E+01   .670389968991E+01
   2    20   .260874696785E+01   .282614254344E+01
   3     4   .117373653303E+01   .127154790850E+01
   3     5   .241655264898E+01   .261793203170E+01
   3     6   .300083439556E+01   .325090392270E+01
   3     7   .391311203209E+01   .423920469384E+01
   3     8   .401331545389E+01   .434775840059E+01
   3     9   .259345985798E+01   .280958150777E+01
   3    10   .259352790764E+01   .280965522825E+01
   3    11   .325358687490E+01   .352471910816E+01
   3    12   .128936434692E+01   .139681137332E+01
   3    13   .237184179390E+01   .256949527212E+01
   3    14   .294084918622E+01   .318591994604E+01
   3    15   .329553039292E+01   .357015791926E+01
   3    16   .360689528789E+01   .390746988822E+01
   3    17   .398443591239E+01   .431647223070E+01
   3    18   .476482894189E+01   .516189801114E+01
   3    19   .534690760201E+01   .579248322514E+01
   3    20   .192594017283E+01   .208643518349E+01
   4     5   .347457952796E+01   .376412781521E+01
   4     6   .398091454868E+01   .431265742002E+01
   4     7   .456749326651E+01   .494811769653E+01
   4     8   .438516767340E+01   .475059830434E+01
   4     9   .265330454315E+01   .287441324993E+01
   4    10   .321231794292E+01   .348001109860E+01
   4    11   .377140273714E+01   .408568629125E+01
   4    12   .212791725752E+01   .230524369151E+01
   4    13   .263598187553E+01   .285564702671E+01
   4    14   .284731938200E+01   .308459599164E+01
   4    15   .339173597779E+01   .367438063602E+01
   4    16   .408688913350E+01   .442746322003E+01
   4    17   .464255811847E+01   .502943795267E+01
   4    18   .497572001219E+01   .539036333689E+01
   4    19   .607977762686E+01   .658642575063E+01
   4    20   .296355918617E+01   .321052244594E+01
   5     6   .146976501769E+01   .159224543298E+01
   5     7   .267472574036E+01   .289761954686E+01
   5     8   .373448958595E+01   .404569704420E+01
   5     9   .321696974336E+01   .348505054906E+01
   5    10   .255668781969E+01   .276974513304E+01
   5    11   .251673754766E+01   .272646567175E+01
   5    12   .275889269175E+01   .298880041071E+01
   5    13   .416315664008E+01   .451008635201E+01
   5    14   .497612683003E+01   .539080405621E+01
   5    15   .500301400824E+01   .541993183255E+01
   5    16   .481076182823E+01   .521165863791E+01
   5    17   .462715897508E+01   .501275554736E+01
   5    18   .622889976971E+01   .674797473843E+01
   5    19   .562224080435E+01   .609076086047E+01
   5    20   .239468531767E+01   .259424242283E+01
   6     7   .173841262928E+01   .188328034501E+01
   6     8   .263663978400E+01   .285635976088E+01
   6     9   .441700809774E+01   .478509209732E+01
   6    10   .397487429424E+01   .430611381105E+01
   6    11   .383244433021E+01   .415181468362E+01
   6    12   .310488563325E+01   .336362609666E+01
   6    13   .433669404148E+01   .469808520319E+01
   6    14   .547497847870E+01   .593122667464E+01
   6    15   .575111419139E+01   .623037369618E+01
   6    16   .479622274225E+01   .519590796146E+01
   6    17   .419978100849E+01   .454976275105E+01
   6    18   .615257544618E+01   .666529005475E+01
   6    19   .513809551748E+01   .556627013397E+01
   6    20   .269867099276E+01   .292356023692E+01
   7     8   .170096776001E+01   .184271507004E+01
   7     9   .487657899166E+01   .528296056484E+01
   7    10   .493514833696E+01   .534641068879E+01
   7    11   .425825366292E+01   .461310812657E+01
   7    12   .440112605056E+01   .476788654623E+01
   7    13   .555376752555E+01   .601658147524E+01
   7    14   .665587254344E+01   .721052857581E+01
   7    15   .706063913459E+01   .764902571544E+01
   7    16   .621060038488E+01   .672815040490E+01
   7    17   .557427238949E+01   .603879507780E+01
   7    18   .745477466334E+01   .807600587082E+01
   7    19   .657503180638E+01   .712295111082E+01
   7    20   .424436031590E+01   .459805700065E+01
   8     9   .551803415944E+01   .597787032868E+01
   8    10   .579027516072E+01   .627279807955E+01
   8    11   .536154500023E+01   .580834040652E+01
   8    12   .440102721219E+01   .476777947134E+01
   8    13   .521005240781E+01   .564422343169E+01
   8    14   .640566976655E+01   .693947556800E+01
   8    15   .707364755404E+01   .766311816982E+01
   8    16   .589017589909E+01   .638102387925E+01
   8    17   .519278775648E+01   .562552005944E+01
   8    18   .690469734873E+01   .748008878106E+01
   8    19   .629522253270E+01   .681982439821E+01
   8    20   .447015483209E+01   .484266772609E+01
   9    10   .163073259174E+01   .176662697122E+01
   9    11   .163034966119E+01   .176621212980E+01
   9    12   .368129709657E+01   .398807184748E+01
   9    13   .469265725143E+01   .508371201328E+01
   9    14   .461012921237E+01   .499430663779E+01
   9    15   .446257742910E+01   .483445887286E+01
   9    16   .592706216291E+01   .642098399832E+01
   9    17   .645601542309E+01   .699401669583E+01
   9    18   .705038647563E+01   .763791866826E+01
   9    19   .770952164713E+01   .835198176943E+01
   9    20   .404941576252E+01   .438686706821E+01
  10    11   .162974215732E+01   .176555400060E+01
  10    12   .319674234480E+01   .346313753400E+01
  10    13   .433416919390E+01   .469534995165E+01
  10    14   .433958908394E+01   .470122149919E+01
  10    15   .391768907921E+01   .424416316155E+01
  10    16   .525837439461E+01   .569657225063E+01
  10    17   .576210538059E+01   .624228081779E+01
  10    18   .651717946175E+01   .706027773759E+01
  10    19   .681959905615E+01   .738789896426E+01
  10    20   .323374628768E+01   .350322513871E+01
  11    12   .416659520668E+01   .451381146582E+01
  11    13   .544338971605E+01   .589700551516E+01
  11    14   .565064391901E+01   .612153090130E+01
  11    15   .541677471832E+01   .586817260101E+01
  11    16   .644468435849E+01   .698174137586E+01
  11    17   .669989406534E+01   .725821855779E+01
  11    18   .774879776067E+01   .839453089236E+01
  11    19   .779842982091E+01   .844829895752E+01
  11    20   .418591056118E+01   .453473643316E+01
  12    13   .141128293765E+01   .152888984639E+01
  12    14   .237447495521E+01   .257234786353E+01
  12    15   .276350536613E+01   .299379747461E+01
  12    16   .237371216134E+01   .257152150351E+01
  12    17   .279603193375E+01   .302903458947E+01
  12    18   .365091420782E+01   .395515705138E+01
  12    19   .412042356265E+01   .446379218487E+01
  12    20   .940625617368E+00   .101901108366E+01
  12    21   .338399455634E+01   .366599409613E+01
  12    22   .457687589246E+01   .495828220796E+01
  12    23   .545099708730E+01   .590524683400E+01
  12    24   .630695788250E+01   .683253769381E+01
  12    25   .550381706255E+01   .596246847375E+01
  12    26   .681928660552E+01   .738756047608E+01
  12    27   .785077905288E+01   .850501062539E+01
  12    28   .835420931557E+01   .905039340899E+01
  12    29   .810650171815E+01   .878204351227E+01
  12    30   .357569588302E+01   .387367053300E+01
  12    31   .714625322534E+01   .774177431359E+01
  12    32   .865563631244E+01   .937693932168E+01
  12    33   .852137229179E+01   .923148663290E+01
  13    14   .147445187241E+01   .159732285892E+01
  13    15   .230407760084E+01   .249608406311E+01
  13    16   .149412828504E+01   .161863897256E+01
  13    17   .244170598163E+01   .264518147536E+01
  13    18   .240863636733E+01   .260935605993E+01
  13    19   .378142818324E+01   .409654719118E+01
  13    20   .203628062067E+01   .220597066844E+01
  13    21   .236987292640E+01   .256736233233E+01
  13    22   .369094919648E+01   .399852828902E+01
  13    23   .441240532366E+01   .478010575874E+01
  13    24   .512589966575E+01   .555305796128E+01
  13    25   .463675170593E+01   .502314767243E+01
  13    26   .601999107324E+01   .652165698433E+01
  13    27   .704432576121E+01   .763135289431E+01
  13    28   .736728925988E+01   .798123001724E+01
  13    29   .712485161031E+01   .771858923068E+01
  13    30   .248509439312E+01   .269218558772E+01
  13    31   .616677840617E+01   .668067659472E+01
  13    32   .758526685822E+01   .821737241502E+01
  13    33   .765414171515E+01   .829198684322E+01
  14    15   .118499236361E+01   .128374172495E+01
  14    16   .242927616112E+01   .263171583650E+01
  14    17   .373452314798E+01   .404573340306E+01
  14    18   .285275884925E+01   .309048874782E+01
  14    19   .489264770395E+01   .530036833646E+01
  14    20   .304838564144E+01   .330241777231E+01
  14    21   .127682345962E+01   .138322541211E+01
  14    22   .234736588589E+01   .254297970517E+01
  14    23   .307869844994E+01   .333525664813E+01
  14    24   .395458877199E+01   .428413782865E+01
  14    25   .351665362716E+01   .380970808927E+01
  14    26   .478733760676E+01   .518628239803E+01
  14    27   .596148653587E+01   .645827706896E+01
  14    28   .640657861686E+01   .694046015584E+01
  14    29   .640760642984E+01   .694157361989E+01
  14    30   .191693058832E+01   .207667480030E+01
  14    31   .552589317936E+01   .598638426692E+01
  14    32   .695103445266E+01   .753028731022E+01
  14    33   .697943505069E+01   .756105462470E+01
  15    16   .294298080023E+01   .318822919454E+01
  15    17   .427619713321E+01   .463254688601E+01
  15    18   .350355206230E+01   .379551472736E+01
  15    19   .525355542544E+01   .569135170070E+01
  15    20   .321531933395E+01   .348326260554E+01
  15    21   .214824513662E+01   .232726556050E+01
  15    22   .265101944834E+01   .287193773056E+01
  15    23   .312444075645E+01   .338481081343E+01
  15    24   .417784654736E+01   .452600041820E+01
  15    25   .402696074039E+01   .436254079427E+01
  15    26   .506839507946E+01   .549076132624E+01
  15    27   .639271648545E+01   .692544284683E+01
  15    28   .698105221739E+01   .756280655530E+01
  15    29   .717855405117E+01   .777676687484E+01
  15    30   .298085008931E+01   .322925425764E+01
  15    31   .636676885978E+01   .689733291908E+01
  15    32   .776800632814E+01   .841534017374E+01
  15    33   .775297676798E+01   .839905815026E+01
  16    17   .146511978295E+01   .158721309536E+01
  16    18   .146442831904E+01   .158646400945E+01
  16    19   .247057338482E+01   .267645449543E+01
  16    20   .243297828972E+01   .263572647580E+01
  16    21   .334153385355E+01   .361999500153E+01
  16    22   .455387027591E+01   .493335945673E+01
  16    23   .485115224703E+01   .525541492487E+01
  16    24   .541493138322E+01   .586617565465E+01
  16    25   .562544715675E+01   .609423440889E+01
  16    26   .697484325738E+01   .755608018196E+01
  16    27   .804240709791E+01   .871260767380E+01
  16    28   .819667379312E+01   .887972992664E+01
  16    29   .798292536357E+01   .864816912838E+01
  16    30   .346824936174E+01   .375727013515E+01
  16    31   .704933674609E+01   .763678146125E+01
  16    32   .830759584422E+01   .899989548179E+01
  16    33   .862392521439E+01   .934258563219E+01
  17    18   .238952041871E+01   .258864711563E+01
  17    19   .148174437448E+01   .160522306947E+01
  17    20   .255074113891E+01   .276330289553E+01
  17    21   .460014621135E+01   .498349172004E+01
  17    22   .590268723516E+01   .639457782664E+01
  17    23   .627969007514E+01   .680299756922E+01
  17    24   .677925899874E+01   .734419723548E+01
  17    25   .685236286332E+01   .742339308864E+01
  17    26   .825588603481E+01   .894387652169E+01
  17    27   .922740565083E+01   .999635610383E+01
  17    28   .932253519555E+01   .100994131104E+02
  17    29   .894691808114E+01   .969249457055E+01
  17    30   .454506959103E+01   .492382538146E+01
  17    31   .798309662647E+01   .864835466318E+01
  17    32   .921531728329E+01   .998326037236E+01
  17    33   .953658521509E+01   .103313006312E+02
  18    19   .297677812040E+01   .322484295799E+01
  18    20   .386804145778E+01   .419037823842E+01
  18    21   .330017185605E+01   .357518617099E+01
  18    22   .436944820356E+01   .473356887871E+01
  18    23   .436135734434E+01   .472480378124E+01
  18    24   .462441018404E+01   .500977769040E+01
  18    25   .532414459924E+01   .576782330551E+01
  18    26   .663107282146E+01   .718366221038E+01
  18    27   .761862315200E+01   .825350839988E+01
  18    28   .753659903544E+01   .816464894044E+01
  18    29   .732672931499E+01   .793729007703E+01
  18    30   .328473634536E+01   .355846436776E+01
  18    31   .645037145280E+01   .698790239468E+01
  18    32   .750838346358E+01   .813408207098E+01
  18    33   .807480100262E+01   .874770107050E+01
  19    20   .367839957193E+01   .398493286246E+01
  19    21   .578147812116E+01   .626326795337E+01
  19    22   .698902839838E+01   .757144741802E+01
  19    23   .711882361102E+01   .771205889812E+01
  19    24   .752967394800E+01   .815714676239E+01
  19    25   .802345958808E+01   .869208120485E+01
  19    26   .938344221006E+01   .101653957094E+02
  19    27   .103976434104E+02   .112641136744E+02
  19    28   .104061542061E+02   .112733337030E+02
  19    29   .100764143659E+02   .109161155435E+02
  19    30   .578336453811E+01   .626531157173E+01
  19    31   .914304620759E+01   .990496670715E+01
  19    32   .102621119157E+02   .111172878888E+02
  19    33   .107345329363E+02   .116290773268E+02
  20    21   .417625036880E+01   .452427122476E+01
  20    22   .533868472928E+01   .578357511303E+01
  20    23   .607622193077E+01   .658257374654E+01
  20    24   .693808717755E+01   .751626109555E+01
  20    25   .636098594007E+01   .689106808940E+01
  20    26   .765827989337E+01   .829646986963E+01
  20    27   .873695193869E+01   .946503124996E+01
  20    28   .922865576891E+01   .999771039841E+01
  20    29   .900001060678E+01   .975001147321E+01
  20    30   .441258953934E+01   .478030532572E+01
  20    31   .803833797540E+01   .870819945775E+01
  20    32   .952225089706E+01   .103157717867E+02
  20    33   .943951457258E+01   .102261407686E+02
  21    22   .140230765828E+01   .151916662708E+01
  21    23   .241348391593E+01   .261460757091E+01
  21    24   .314002382143E+01   .340169246713E+01
  21    25   .231649631375E+01   .250953766873E+01
  21    26   .367571790163E+01   .398202771963E+01
  21    27   .476058502529E+01   .515730043483E+01
  21    28   .514194156992E+01   .557043669077E+01
  21    29   .513787202250E+01   .556602801440E+01
  21    30   .940682442511E+00   .101907264423E+01
  21    31   .427379515040E+01   .462994473798E+01
  21    32   .569797493484E+01   .617280616836E+01
  21    33   .572831067401E+01   .620566988572E+01
  21    34   .311695546514E+01   .337670174786E+01
  21    35   .439529571182E+01   .476157034595E+01
  21    36   .541880017453E+01   .587036684523E+01
  21    37   .606057185351E+01   .656561949622E+01
  21    38   .507426805535E+01   .549712371679E+01
  21    39   .639469411054E+01   .692758527401E+01
  21    40   .461659558737E+01   .500131187736E+01
  21    41   .308612557699E+01   .334330270242E+01
  22    23   .147695212355E+01   .160003146432E+01
  22    24   .234397678296E+01   .253930817699E+01
  22    25   .147588378216E+01   .159887409448E+01
  22    26   .250754977245E+01   .271651224862E+01
  22    27   .380262750105E+01   .411951311876E+01
  22    28   .435063071805E+01   .471318326945E+01
  22    29   .470182853175E+01   .509364756694E+01
  22    30   .203077579690E+01   .220000710937E+01
  22    31   .402311833579E+01   .435837818930E+01
  22    32   .534435889113E+01   .578972212169E+01
  22    33   .531403367831E+01   .575686980786E+01
  22    34   .234487993531E+01   .254028659204E+01
  22    35   .367318958328E+01   .397928870810E+01
  22    36   .440579321723E+01   .477294264345E+01
  22    37   .501658800466E+01   .543463699531E+01
  22    38   .463402829391E+01   .502019730942E+01
  22    39   .593856101426E+01   .643344108726E+01
  22    40   .459753301650E+01   .498066075895E+01
  22    41   .244583320804E+01   .264965263730E+01
  23    24   .118593964476E+01   .128476794619E+01
  23    25   .244174806594E+01   .264522706669E+01
  23    26   .299076733817E+01   .323999794388E+01
  23    27   .430267298902E+01   .466122906310E+01
  23    28   .458872328397E+01   .497111688206E+01
  23    29   .516774527655E+01   .559839070624E+01
  23    30   .301070724410E+01   .326159950860E+01
  23    31   .463774818067E+01   .502422718672E+01
  23    32   .563590883971E+01   .610556789875E+01
  23    33   .593991286792E+01   .643490559539E+01
  23    34   .127559763054E+01   .138189743061E+01
  23    35   .234331359451E+01   .253858972284E+01
  23    36   .313907038557E+01   .340065957828E+01
  23    37   .395270729585E+01   .428209956284E+01
  23    38   .351329297346E+01   .380606738110E+01
  23    39   .467343717509E+01   .506289026394E+01
  23    40   .370210778794E+01   .401061676309E+01
  23    41   .191745839956E+01   .207724659580E+01
  24    25   .276616799747E+01   .299668199190E+01
  24    26   .313704293154E+01   .339846316975E+01
  24    27   .418515498941E+01   .453391789708E+01
  24    28   .410401190556E+01   .444601288973E+01
  24    29   .471428055811E+01   .510713726214E+01
  24    30   .346097042899E+01   .374938462469E+01
  24    31   .430655112304E+01   .466543037494E+01
  24    32   .500722619919E+01   .542449503941E+01
  24    33   .559461430226E+01   .606083214993E+01
  24    34   .213608111506E+01   .231408787050E+01
  24    35   .262266834747E+01   .284122403800E+01
  24    36   .327208983653E+01   .354476398323E+01
  24    37   .429950723828E+01   .465779949980E+01
  24    38   .395612354635E+01   .428580050087E+01
  24    39   .483808123210E+01   .524125465872E+01
  24    40   .420259591939E+01   .455281223785E+01
  24    41   .297342701953E+01   .322121259872E+01
  25    26   .146390399822E+01   .158589599523E+01
  25    27   .245005128403E+01   .265422221961E+01
  25    28   .303126913268E+01   .328387488785E+01
  25    29   .333971762087E+01   .361802741613E+01
  25    30   .239443534310E+01   .259397161704E+01
  25    31   .273263709371E+01   .296035684621E+01
  25    32   .409378197827E+01   .443493046852E+01
  25    33   .387656059713E+01   .419960730603E+01
  25    34   .355120531982E+01   .384713908958E+01
  25    35   .473403304460E+01   .512853578913E+01
  25    36   .520456260134E+01   .563827614135E+01
  25    37   .585517733783E+01   .634310877129E+01
  25    38   .589629327798E+01   .638765103971E+01
  25    39   .710373438003E+01   .769571223125E+01
  25    40   .596933983157E+01   .646678480595E+01
  25    41   .379185320575E+01   .410784096554E+01
  26    27   .147065921682E+01   .159321414871E+01
  26    28   .245871368745E+01   .266360648997E+01
  26    29   .330533423441E+01   .358077874753E+01
  26    30   .385291464640E+01   .417399085946E+01
  26    31   .311981228034E+01   .337979663098E+01
  26    32   .411442359466E+01   .445729221957E+01
  26    33   .374159061284E+01   .405338982331E+01
  26    34   .394950149080E+01   .427862660737E+01
  26    35   .493439421471E+01   .534559372303E+01
  26    36   .497788614492E+01   .539270998067E+01
  26    37   .552467998299E+01   .598506997085E+01
  26    38   .624258630061E+01   .676280181355E+01
  26    39   .734210040430E+01   .795394209041E+01
  26    40   .663598575372E+01   .718898455366E+01
  26    41   .425370313154E+01   .460817838425E+01
  27    28   .146797812436E+01   .159030963188E+01
  27    29   .236534025984E+01   .256245194357E+01
  27    30   .469364971128E+01   .508478717812E+01
  27    31   .256776815641E+01   .278174883113E+01
  27    32   .323230075733E+01   .350165914751E+01
  27    33   .256795316832E+01   .278194926070E+01
  27    34   .534946155905E+01   .579525001192E+01
  27    35   .624520103829E+01   .676563444603E+01
  27    36   .620273570364E+01   .671963033358E+01
  27    37   .678207259289E+01   .734724529581E+01
  27    38   .761377120365E+01   .824825212252E+01
  27    39   .863658061141E+01   .935629564560E+01
  27    40   .799853087415E+01   .866507509815E+01
  27    41   .570985904610E+01   .618568062220E+01
  28    29   .139174739907E+01   .150772634629E+01
  28    30   .489964006318E+01   .530794339227E+01
  28    31   .196494858253E+01   .212869429393E+01
  28    32   .196481795615E+01   .212855278201E+01
  28    33   .196483765619E+01   .212857412373E+01
  28    34   .575296931451E+01   .623238341289E+01
  28    35   .647894327987E+01   .701885520729E+01
  28    36   .651595819378E+01   .705895469729E+01
  28    37   .728575333777E+01   .789289943512E+01
  28    38   .790433261251E+01   .856302698155E+01
  28    39   .878848127821E+01   .952085470101E+01
  28    40   .822413404548E+01   .890947853331E+01
  28    41   .629214122538E+01   .681648631529E+01
  29    30   .465659902560E+01   .504464893536E+01
  29    31   .998309996873E+00   .108150249468E+01
  29    32   .998434154192E+00   .108163699844E+01
  29    33   .998150739045E+00   .108132996536E+01
  29    34   .641751068299E+01   .695230322746E+01
  29    35   .725196658230E+01   .785629711675E+01
  29    36   .751536403842E+01   .814164436038E+01
  29    37   .834059481361E+01   .903564436523E+01
  29    38   .860219752297E+01   .931904729986E+01
  29    39   .954323495023E+01   .103385045109E+02
  29    40   .870389500159E+01   .942921956817E+01
  29    41   .691282755690E+01   .748889650656E+01
  30    31   .372012399624E+01   .403013432204E+01
  30    32   .515522154666E+01   .558482333221E+01
  30    33   .522981189227E+01   .566562953981E+01
  30    34   .389568615444E+01   .422032665975E+01
  30    35   .510050891489E+01   .552555131457E+01
  30    36   .612149320707E+01   .663161762911E+01
  30    37   .684561084194E+01   .741607839882E+01
  30    38   .584399281037E+01   .633099219989E+01
  30    39   .709875478373E+01   .769031766860E+01
  30    40   .532273348857E+01   .576629460229E+01
  30    41   .397733399320E+01   .430877848492E+01
  31    32   .163028776213E+01   .176614507248E+01
  31    33   .162982697835E+01   .176564589005E+01
  31    34   .590248020013E+01   .639435353869E+01
  31    35   .684020992315E+01   .741022740347E+01
  31    36   .727515192568E+01   .788141457204E+01
  31    37   .810812346473E+01   .878380040439E+01
  31    38   .810790977400E+01   .878356890610E+01
  31    39   .912515759013E+01   .988558737160E+01
  31    40   .807725847945E+01   .875036333707E+01
  31    41   .634003137794E+01   .686836731380E+01
  32    33   .162993808721E+01   .176576625799E+01
  32    34   .689264550887E+01   .746703262123E+01
  32    35   .760297782202E+01   .823655929243E+01
  32    36   .789269954371E+01   .855042449037E+01
  32    37   .880050102084E+01   .953387608884E+01
  32    38   .895793742808E+01   .970443219638E+01
  32    39   .979645494866E+01   .106128261754E+02
  32    40   .902858054801E+01   .978096224282E+01
  32    41   .747248670631E+01   .809519391734E+01
  33    34   .716900857144E+01   .776642593848E+01
  33    35   .807354361731E+01   .874633890309E+01
  33    36   .828670833023E+01   .897726734167E+01
  33    37   .904007845056E+01   .979341830390E+01
  33    38   .941613621305E+01   .102008142125E+02
  33    39   .104065779713E+02   .112737927820E+02
  33    40   .952520887764E+01   .103189762656E+02
  33    41   .758913936950E+01   .822156763557E+01
  34    35   .140405079013E+01   .152105501992E+01
  34    36   .237899757800E+01   .257724737155E+01
  34    37   .303071635379E+01   .328327604405E+01
  34    38   .235944272420E+01   .255606294664E+01
  34    39   .363850410744E+01   .394171277600E+01
  34    40   .275725704652E+01   .298702846171E+01
  34    41   .940531064478E+00   .101890865136E+01
  34    42   .317811230003E+01   .344295498553E+01
  34    43   .439269545067E+01   .475875339637E+01
  34    44   .556878789427E+01   .603285354132E+01
  34    45   .604060416932E+01   .654398783837E+01
  34    46   .503475164917E+01   .545431427683E+01
  34    47   .613703380650E+01   .664845327847E+01
  34    48   .738467600454E+01   .800006565725E+01
  34    49   .767434880798E+01   .831387786042E+01
  34    50   .827382504429E+01   .896331044859E+01
  34    51   .325488832038E+01   .352612900743E+01
  35    36   .147463562443E+01   .159752192361E+01
  35    37   .233350429092E+01   .252796297730E+01
  35    38   .149203334793E+01   .161636945737E+01
  35    39   .241185685770E+01   .261284492450E+01
  35    40   .242977289832E+01   .263225396846E+01
  35    41   .203441600183E+01   .220395066470E+01
  35    42   .235757276349E+01   .255403715587E+01
  35    43   .366777834525E+01   .397342653357E+01
  35    44   .459463060967E+01   .497751648490E+01
  35    45   .492128867094E+01   .533139605064E+01
  35    46   .457096366633E+01   .495187729632E+01
  35    47   .578189224208E+01   .626371658437E+01
  35    48   .699517516475E+01   .757810641491E+01
  35    49   .740628378564E+01   .802347408674E+01
  35    50   .775161504658E+01   .839758295209E+01
  35    51   .247928247916E+01   .268588934761E+01
  36    37   .118546201737E+01   .128425051651E+01
  36    38   .244243207019E+01   .264596807130E+01
  36    39   .288729332786E+01   .312790109958E+01
  36    40   .373510266231E+01   .404636121025E+01
  36    41   .289126501137E+01   .313220375671E+01
  36    42   .127386103976E+01   .138001612394E+01
  36    43   .232387844856E+01   .251753498143E+01
  36    44   .327890835603E+01   .355215071267E+01
  36    45   .382964612487E+01   .414878329451E+01
  36    46   .342998596328E+01   .371581812023E+01
  36    47   .451533518007E+01   .489161310298E+01
  36    48   .578875908982E+01   .627115566941E+01
  36    49   .635135964316E+01   .688063960110E+01
  36    50   .646713411355E+01   .700606194380E+01
  36    51   .192205953718E+01   .208223116155E+01
  37    38   .278847331909E+01   .302084609027E+01
  37    39   .318927272659E+01   .345504544761E+01
  37    40   .418731323126E+01   .453625599240E+01
  37    41   .321823931890E+01   .348642592256E+01
  37    42   .212820893007E+01   .230555967011E+01
  37    43   .258428594572E+01   .279964310285E+01
  37    44   .334929100582E+01   .362839858314E+01
  37    45   .411245557392E+01   .445516019711E+01
  37    46   .385147633435E+01   .417243268807E+01
  37    47   .462768386283E+01   .501332417575E+01
  37    48   .599427167750E+01   .649379430567E+01
  37    49   .671276573516E+01   .727216286673E+01
  37    50   .656579934706E+01   .711294927991E+01
  37    51   .297137447260E+01   .321898900622E+01
  38    39   .146010950739E+01   .158178529684E+01
  38    40   .146198166582E+01   .158381346846E+01
  38    41   .249138071253E+01   .269899576707E+01
  38    42   .351765274793E+01   .381079047010E+01
  38    43   .469105834875E+01   .508197986871E+01
  38    44   .533232931633E+01   .577669008234E+01
  38    45   .557830632880E+01   .604316517871E+01
  38    46   .581061053939E+01   .629482807307E+01
  38    47   .695550542420E+01   .753513086272E+01
  38    48   .820078931755E+01   .888418841144E+01
  38    49   .871781751701E+01   .944430229318E+01
  38    50   .884797753877E+01   .958530898317E+01
  38    51   .374712854252E+01   .405938924712E+01
  39    40   .237365236968E+01   .257145672922E+01
  39    41   .391246925648E+01   .423850835360E+01
  39    42   .369241871512E+01   .400012026755E+01
  39    43   .471622744318E+01   .510924638763E+01
  39    44   .495504007436E+01   .536796007094E+01
  39    45   .495518272851E+01   .536811461294E+01
  39    46   .595209182419E+01   .644809946466E+01
  39    47   .711707808753E+01   .771016791434E+01
  39    48   .825412472494E+01   .894196843601E+01
  39    49   .885045831990E+01   .958799649605E+01
  39    50   .874478423354E+01   .947351623604E+01
  39    51   .389448384167E+01   .421902415426E+01
  40    41   .276055324104E+01   .299059933910E+01
  40    42   .471041988478E+01   .510295486604E+01
  40    43   .599140992045E+01   .649069406886E+01
  40    44   .668880777372E+01   .724620840855E+01
  40    45   .683882338306E+01   .740872531838E+01
  40    46   .697999978461E+01   .756166641978E+01
  40    47   .819394243984E+01   .887677096060E+01
  40    48   .940561562498E+01   .101894169088E+02
  40    49   .981435698068E+01   .106322200434E+02
  40    50   .101185026579E+02   .109617111930E+02
  40    51   .473814698803E+01   .513299256118E+01
  41    42   .387132733691E+01   .419393794081E+01
  41    43   .497699675111E+01   .539174647071E+01
  41    44   .613598552851E+01   .664731764398E+01
  41    45   .669446059487E+01   .725233229812E+01
  41    46   .569435400568E+01   .616888349510E+01
  41    47   .667534749452E+01   .723162643945E+01
  41    48   .799041178477E+01   .865627941799E+01
  41    49   .833073569676E+01   .902496365533E+01
  41    50   .886493967830E+01   .960368463430E+01
  41    51   .408839577017E+01   .442909540975E+01
  42    43   .139888603126E+01   .151545986448E+01
  42    44   .248438318435E+01   .269141511156E+01
  42    45   .296704956271E+01   .321430368718E+01
  42    46   .231477062716E+01   .250766817494E+01
  42    47   .357854457989E+01   .387675662127E+01
  42    48   .471726573988E+01   .511037120905E+01
  42    49   .522573326465E+01   .566121102656E+01
  42    50   .541502779843E+01   .586628010446E+01
  42    51   .940751999652E+00   .101914799780E+01
  42    52   .347410736738E+01   .376361630792E+01
  42    53   .471833857571E+01   .511153344787E+01
  42    54   .567936471117E+01   .615264509275E+01
  42    55   .641290074770E+01   .694730913089E+01
  42    56   .556064866950E+01   .602403604783E+01
  42    57   .523527856663E+01   .567155177036E+01
  42    58   .686928374618E+01   .744172404503E+01
  42    59   .543938177700E+01   .589266358119E+01
  42    60   .359667302602E+01   .389639577121E+01
  43    44   .147389829040E+01   .159672314507E+01
  43    45   .236258652785E+01   .255946873392E+01
  43    46   .145717185505E+01   .157860284015E+01
  43    47   .241245421620E+01   .261349206286E+01
  43    48   .358485762930E+01   .388359575812E+01
  43    49   .430818544849E+01   .466720089417E+01
  43    50   .416054674948E+01   .450725897054E+01
  43    51   .203520113397E+01   .220480122452E+01
  43    52   .232157655890E+01   .251504126764E+01
  43    53   .363910625674E+01   .394236510441E+01
  43    54   .442947298190E+01   .479859572179E+01
  43    55   .509023187749E+01   .551441785741E+01
  43    56   .461287552501E+01   .499728180981E+01
  43    57   .461794986215E+01   .500277900837E+01
  43    58   .593019259761E+01   .642437530257E+01
  43    59   .506200308397E+01   .548383666448E+01
  43    60   .241954683453E+01   .262117573272E+01
  44    45   .119421299116E+01   .129373073811E+01
  44    46   .237726027404E+01   .257536529226E+01
  44    47   .296026099017E+01   .320694940027E+01
  44    48   .377548289692E+01   .409010646434E+01
  44    49   .467287936269E+01   .506228596718E+01
  44    50   .393686168496E+01   .426493348440E+01
  44    51   .298293210982E+01   .323150977985E+01
  44    52   .127710781371E+01   .138353346237E+01
  44    53   .232534076790E+01   .251911916072E+01
  44    54   .323862143418E+01   .350850654741E+01
  44    55   .409743857619E+01   .443889178293E+01
  44    56   .346304162954E+01   .375162842528E+01
  44    57   .361584850993E+01   .391716921207E+01
  44    58   .464378326748E+01   .503076519743E+01
  44    59   .393904869613E+01   .426730274650E+01
  44    60   .192362202537E+01   .208392385709E+01
  45    46   .303616312256E+01   .328917671021E+01
  45    47   .379317576049E+01   .410927373318E+01
  45    48   .430717734719E+01   .466610878443E+01
  45    49   .507440644962E+01   .549727364391E+01
  45    50   .436046023959E+01   .472383191776E+01
  45    51   .316881793373E+01   .343288608872E+01
  45    52   .214870111663E+01   .232775953884E+01
  45    53   .261361688392E+01   .283141828584E+01
  45    54   .348431124170E+01   .377467050508E+01
  45    55   .454540850706E+01   .492419254050E+01
  45    56   .383123792696E+01   .415050774677E+01
  45    57   .391914012812E+01   .424573513119E+01
  45    58   .474367484521E+01   .513898107311E+01
  45    59   .380603002844E+01   .412319919009E+01
  45    60   .298678911646E+01   .323568820371E+01
  46    47   .146151605806E+01   .158330906007E+01
  46    48   .243204570710E+01   .263471617797E+01
  46    49   .293971657357E+01   .318469294899E+01
  46    50   .327744365859E+01   .355056395711E+01
  46    51   .248968055629E+01   .269715393115E+01
  46    52   .316565644520E+01   .342946114283E+01
  46    53   .435448413038E+01   .471735779946E+01
  46    54   .471997441517E+01   .511330560728E+01
  46    55   .529801874284E+01   .573952029446E+01
  46    56   .554129006492E+01   .600306422625E+01
  46    57   .582355735124E+01   .630885378588E+01
  46    58   .676384983172E+01   .732750397124E+01
  46    59   .628694831485E+01   .681086066222E+01
  46    60   .325609853324E+01   .352744007136E+01
  47    48   .145024547354E+01   .157109926019E+01
  47    49   .229378013598E+01   .248492847619E+01
  47    50   .227761087670E+01   .246741177867E+01
  47    51   .391380085540E+01   .423995091909E+01
  47    52   .320377099705E+01   .347075190725E+01
  47    53   .425912815362E+01   .461405549150E+01
  47    54   .424783642115E+01   .460182278133E+01
  47    55   .453431821943E+01   .491217806226E+01
  47    56   .539642540323E+01   .584612750970E+01
  47    57   .598250357033E+01   .648104552292E+01
  47    58   .657021272377E+01   .711773043800E+01
  47    59   .670180848050E+01   .726029250754E+01
  47    60   .307056851934E+01   .332644922333E+01
  48    49   .118044443537E+01   .127881480269E+01
  48    50   .118106416667E+01   .127948617827E+01
  48    51   .486428144902E+01   .526963822700E+01
  48    52   .400474364856E+01   .433847227817E+01
  48    53   .472412010990E+01   .511779677656E+01
  48    54   .430038062642E+01   .465874567027E+01
  48    55   .455387229968E+01   .493336164916E+01
  48    56   .600870818223E+01   .650943385243E+01
  48    57   .681341704933E+01   .738120179022E+01
  48    58   .696105314612E+01   .754114089479E+01
  48    59   .744108906271E+01   .806117980349E+01
  48    60   .406262427487E+01   .440117628989E+01
  49    50   .203891028026E+01   .220881946632E+01
  49    51   .519107366765E+01   .562366312988E+01
  49    52   .508151514760E+01   .550497473337E+01
  49    53   .582263806156E+01   .630785788873E+01
  49    54   .539309553765E+01   .584252015532E+01
  49    55   .567063484466E+01   .614318773738E+01
  49    56   .715022301275E+01   .774607491660E+01
  49    57   .790783392125E+01   .856682006601E+01
  49    58   .808334714158E+01   .875695938770E+01
  49    59   .845332055062E+01   .915776391343E+01
  49    60   .516725589675E+01   .559786054479E+01
  50    51   .561930988115E+01   .608758569368E+01
  50    52   .391548401786E+01   .424177434509E+01
  50    53   .429346614389E+01   .465125498088E+01
  50    54   .354651533642E+01   .384205827424E+01
  50    55   .371909340525E+01   .402901784847E+01
  50    56   .557431992195E+01   .603884657130E+01
  50    57   .657691551612E+01   .712499179637E+01
  50    58   .633250849843E+01   .686021752768E+01
  50    59   .720972847428E+01   .781053916648E+01
  50    60   .406364144938E+01   .440227822895E+01
  51    52   .412930305400E+01   .447341163382E+01
  51    53   .528822394209E+01   .572890926034E+01
  51    54   .617213349387E+01   .668647793972E+01
  51    55   .698049423588E+01   .756220207533E+01
  51    56   .625256910698E+01   .677361652044E+01
  51    57   .595280890542E+01   .644887630265E+01
  51    58   .748636819840E+01   .811023220041E+01
  51    59   .599322433978E+01   .649265968980E+01
  51    60   .437150502418E+01   .473579710104E+01
  52    53   .139457340188E+01   .151078784933E+01
  52    54   .238888491967E+01   .258795865834E+01
  52    55   .307311984875E+01   .332921316352E+01
  52    56   .237826723564E+01   .257645616733E+01
  52    57   .283263027827E+01   .306868279596E+01
  52    58   .366046137236E+01   .396549981296E+01
  52    59   .355547272732E+01   .385176211437E+01
  52    60   .940751509831E+00   .101914746716E+01
  52    61   .312817867403E+01   .338886022412E+01
  52    62   .443813503299E+01   .480797961047E+01
  52    63   .528568538035E+01   .572615915179E+01
  52    64   .538566631477E+01   .583447183055E+01
  52    65   .531585296906E+01   .575884070616E+01
  52    66   .546651515096E+01   .592205806960E+01
  52    67   .651261064279E+01   .705532818372E+01
  52    68   .694551588156E+01   .752430885822E+01
  52    69   .622718043742E+01   .674611212846E+01
  52    70   .308607809495E+01   .334325126354E+01
  52    71   .629383043866E+01   .681831629634E+01
  52    72   .530311629693E+01   .574504264472E+01
  52    73   .679424047355E+01   .736042716649E+01
  53    54   .147234521307E+01   .159504064463E+01
  53    55   .234603691647E+01   .254153998829E+01
  53    56   .149941981879E+01   .162437146745E+01
  53    57   .244452063553E+01   .264823068375E+01
  53    58   .242681164687E+01   .262904594606E+01
  53    59   .305302837166E+01   .330744739671E+01
  53    60   .203055500307E+01   .219976791605E+01
  53    61   .232197111516E+01   .251546870359E+01
  53    62   .365694911084E+01   .396169486299E+01
  53    63   .423213918048E+01   .458481743731E+01
  53    64   .414563370809E+01   .449110317572E+01
  53    65   .463271263758E+01   .501877201505E+01
  53    66   .514008609527E+01   .556842659324E+01
  53    67   .625805511584E+01   .677955969669E+01
  53    68   .697002260525E+01   .755085780883E+01
  53    69   .647043283680E+01   .700963556065E+01
  53    70   .241167095294E+01   .261264352767E+01
  53    71   .648613988834E+01   .702665153312E+01
  53    72   .560156644213E+01   .606836363478E+01
  53    73   .719011488489E+01   .778929111135E+01
  54    55   .118354412956E+01   .128217280472E+01
  54    56   .243569727607E+01   .263867204435E+01
  54    57   .373787523992E+01   .404936483600E+01
  54    58   .281997381697E+01   .305497162958E+01
  54    59   .437050720539E+01   .473471613069E+01
  54    60   .282642749641E+01   .306196311563E+01
  54    61   .127862125864E+01   .138517302771E+01
  54    62   .235322143198E+01   .254932321341E+01
  54    63   .293292726675E+01   .317733786662E+01
  54    64   .313616705153E+01   .339751429974E+01
  54    65   .356596015924E+01   .386312349892E+01
  54    66   .421060454541E+01   .456148824936E+01
  54    67   .515660191474E+01   .558631873097E+01
  54    68   .601247885599E+01   .651351874899E+01
  54    69   .559090310793E+01   .605681168941E+01
  54    70   .191811315465E+01   .207795591382E+01
  54    71   .547219781205E+01   .592821428577E+01
  54    72   .484832895969E+01   .525235636359E+01
  54    73   .641722231349E+01   .695199082716E+01
  55    56   .280230331125E+01   .303582858175E+01
  55    57   .423053527560E+01   .458307987370E+01
  55    58   .309230440187E+01   .334999642936E+01
  55    59   .511881227700E+01   .554537995682E+01
  55    60   .317566578285E+01   .344030459193E+01
  55    61   .214644450694E+01   .232531487836E+01
  55    62   .265803804464E+01   .287954120987E+01
  55    63   .291667070089E+01   .315972658697E+01
  55    64   .331952564438E+01   .359615277498E+01
  55    65   .408070797061E+01   .442076696025E+01
  55    66   .476691062361E+01   .516415316633E+01
  55    67   .544043155501E+01   .589380084070E+01
  55    68   .631276511236E+01   .683882885947E+01
  55    69   .580886878010E+01   .629294116717E+01
  55    70   .297582007475E+01   .322380507521E+01
  55    71   .548533021052E+01   .594244105075E+01
  55    72   .519416931929E+01   .562701675249E+01
  55    73   .664373776477E+01   .719738256561E+01
  56    57   .146716238256E+01   .158942591160E+01
  56    58   .147137719135E+01   .159399195444E+01
  56    59   .251445552575E+01   .272399348135E+01
  56    60   .258629594835E+01   .280182060570E+01
  56    61   .349914087519E+01   .379073594133E+01
  56    62   .466805368013E+01   .505705814442E+01
  56    63   .483738437410E+01   .524049972922E+01
  56    64   .454489652424E+01   .492363789244E+01
  56    65   .578488154485E+01   .626695499570E+01
  56    66   .648382188342E+01   .702414036112E+01
  56    67   .755136598720E+01   .818064647148E+01
  56    68   .834915693077E+01   .904491999214E+01
  56    69   .783786572822E+01   .849102119037E+01
  56    70   .373350011099E+01   .404462511300E+01
  56    71   .775391240043E+01   .840007175209E+01
  56    72   .700699594556E+01   .759091226076E+01
  56    73   .857303871463E+01   .928745859088E+01
  57    58   .238497717645E+01   .258372526986E+01
  57    59   .148160255861E+01   .160506943562E+01
  57    60   .301467407952E+01   .326589691363E+01
  57    61   .466628844738E+01   .505514580894E+01
  57    62   .594454178434E+01   .643992025484E+01
  57    63   .618351448916E+01   .669880735126E+01
  57    64   .577646040587E+01   .625783209515E+01
  57    65   .691520646271E+01   .749147365452E+01
  57    66   .751831488884E+01   .814484111498E+01
  57    67   .868810868365E+01   .941211772377E+01
  57    68   .939358960915E+01   .101763887250E+02
  57    69   .885152246658E+01   .958914932162E+01
  57    70   .467099688296E+01   .506024661415E+01
  57    71   .886544038798E+01   .960422706978E+01
  57    72   .795271811422E+01   .861544460831E+01
  57    73   .951145143930E+01   .103040723741E+02
  58    59   .289518827347E+01   .313645395730E+01
  58    60   .398393430678E+01   .431592882462E+01
  58    61   .364451126149E+01   .394822052621E+01
  58    62   .456426546191E+01   .494462090822E+01
  58    63   .431178878697E+01   .467110451085E+01
  58    64   .372921709579E+01   .403998517987E+01
  58    65   .564767674162E+01   .611831645913E+01
  58    66   .662939057798E+01   .718183977995E+01
  58    67   .769568155734E+01   .833698833885E+01
  58    68   .869916256973E+01   .942409276699E+01
  58    69   .838846621975E+01   .908750505512E+01
  58    70   .395142181078E+01   .428070695401E+01
  58    71   .827563138393E+01   .896526731654E+01
  58    72   .762743079027E+01   .826305000799E+01
  58    73   .921941032760E+01   .998769450368E+01
  59    60   .402529923576E+01   .436074083093E+01
  59    61   .498024064653E+01   .539526069075E+01
  59    62   .627753748789E+01   .680066559970E+01
  59    63   .652069893499E+01   .706409050026E+01
  59    64   .593168277412E+01   .642598966045E+01
  59    65   .699699067943E+01   .758007322247E+01
  59    66   .761747763182E+01   .825226741969E+01
  59    67   .892486072091E+01   .966859909700E+01
  59    68   .965965515415E+01   .104646263982E+02
  59    69   .927329620242E+01   .100460708680E+02
  59    70   .474531612809E+01   .514075912956E+01
  59    71   .942049551472E+01   .102055367893E+02
  59    72   .834463201298E+01   .904001799787E+01
  59    73   .993599453679E+01   .107639940622E+02
  60    61   .375006106668E+01   .406256614829E+01
  60    62   .495088577263E+01   .536345957741E+01
  60    63   .574034061573E+01   .621870232257E+01
  60    64   .592154785938E+01   .641501016950E+01
  60    65   .595405908164E+01   .645023066022E+01
  60    66   .607626470246E+01   .658262008254E+01
  60    67   .698857938764E+01   .757096098972E+01
  60    68   .735592995627E+01   .796892410502E+01
  60    69   .650426582498E+01   .704628796444E+01
  60    70   .386691980479E+01   .418916311435E+01
  60    71   .646762844507E+01   .700659746961E+01
  60    72   .562564104263E+01   .609444445194E+01
  60    73   .702229672212E+01   .760748810200E+01
  61    62   .140578291030E+01   .152293148343E+01
  61    63   .239435566904E+01   .259388530348E+01
  61    64   .269792351336E+01   .292275046758E+01
  61    65   .234488897491E+01   .254029638493E+01
  61    66   .303541146199E+01   .328836241126E+01
  61    67   .411157969908E+01   .445421133269E+01
  61    68   .506641962761E+01   .548862125341E+01
  61    69   .487684885469E+01   .528325291645E+01
  61    70   .940768653415E+00   .101916603937E+01
  61    71   .488701227268E+01   .529426328592E+01
  61    72   .416354058948E+01   .451050229720E+01
  61    73   .575828174908E+01   .623813855033E+01
  61    74   .352671480593E+01   .382060769958E+01
  61    75   .472482674865E+01   .511856230187E+01
  61    76   .527097151491E+01   .571021913092E+01
  61    77   .598733175827E+01   .648627605984E+01
  61    78   .575822613222E+01   .623807829873E+01
  61    79   .539163734832E+01   .584094045021E+01
  61    80   .410060334206E+01   .444232027928E+01
  62    63   .147677178009E+01   .159983609223E+01
  62    64   .228306166016E+01   .247331679408E+01
  62    65   .146810242395E+01   .159044428977E+01
  62    66   .247323632227E+01   .267933934433E+01
  62    67   .322296378288E+01   .349154409187E+01
  62    68   .442443181523E+01   .479313445792E+01
  62    69   .447199480631E+01   .484466103149E+01
  62    70   .203347625305E+01   .220293260352E+01
  62    71   .435375199258E+01   .471656465018E+01
  62    72   .400882402442E+01   .434289268534E+01
  62    73   .544582514982E+01   .589964390174E+01
  62    74   .244045161163E+01   .264382257453E+01
  62    75   .377446522381E+01   .408900398514E+01
  62    76   .440994252781E+01   .477743772991E+01
  62    77   .531819977014E+01   .576138307400E+01
  62    78   .463107701909E+01   .501700009503E+01
  62    79   .427378382930E+01   .462993247345E+01
  62    80   .289160000159E+01   .313256666277E+01
  63    64   .118510629507E+01   .128386515069E+01
  63    65   .239746080300E+01   .259724919859E+01
  63    66   .371339615469E+01   .402284582705E+01
  63    67   .427120830815E+01   .462714232554E+01
  63    68   .561286550998E+01   .608060429158E+01
  63    69   .577251441073E+01   .625355726709E+01
  63    70   .308446506353E+01   .334150381284E+01
  63    71   .553063774111E+01   .599152420880E+01
  63    72   .541412987064E+01   .586530734936E+01
  63    73   .676445470326E+01   .732815924874E+01
  63    74   .129344245543E+01   .140122932421E+01
  63    75   .240647204372E+01   .260701137602E+01
  63    76   .297549301765E+01   .322345076335E+01
  63    77   .385575416671E+01   .417706700645E+01
  63    78   .348994146660E+01   .378076991538E+01
  63    79   .348527362395E+01   .377571308585E+01
  63    80   .237940933800E+01   .257769344488E+01
  64    65   .297288069059E+01   .322062074237E+01
  64    66   .438810056811E+01   .475377560694E+01
  64    67   .516885485919E+01   .559959275409E+01
  64    68   .652077214587E+01   .706416981204E+01
  64    69   .672728896750E+01   .728789636841E+01
  64    70   .320398385912E+01   .347098250783E+01
  64    71   .658023196411E+01   .712858461501E+01
  64    72   .627691058147E+01   .679998645108E+01
  64    73   .770895237429E+01   .835136505719E+01
  64    74   .213530092130E+01   .231324266060E+01
  64    75   .268832106904E+01   .291234781958E+01
  64    76   .273008894351E+01   .295759635017E+01
  64    77   .334566997082E+01   .362447579523E+01
  64    78   .402473540216E+01   .436013001119E+01
  64    79   .433724143813E+01   .469867821623E+01
  64    80   .344269626376E+01   .372958761239E+01
  65    66   .146166423640E+01   .158346958660E+01
  65    67   .240981436721E+01   .261063222647E+01
  65    68   .370932236184E+01   .401843255146E+01
  65    69   .416480065543E+01   .451186736864E+01
  65    70   .241128667886E+01   .261222723075E+01
  65    71   .429340314314E+01   .465118673007E+01
  65    72   .379680959139E+01   .411321038330E+01
  65    73   .511419797731E+01   .554038113216E+01
  65    74   .325965848036E+01   .353129668073E+01
  65    75   .450647703248E+01   .488201677644E+01
  65    76   .484689711471E+01   .525080519820E+01
  65    77   .583275333949E+01   .631881610647E+01
  65    78   .523222449914E+01   .566824319725E+01
  65    79   .503547976050E+01   .545510306411E+01
  65    80   .362130235297E+01   .392307754202E+01
  66    67   .146506222585E+01   .158715074182E+01
  66    68   .242218045202E+01   .262402881832E+01
  66    69   .293935006967E+01   .318429590311E+01
  66    70   .289280497614E+01   .313387205187E+01
  66    71   .331627661592E+01   .359263299414E+01
  66    72   .259593195345E+01   .281225961120E+01
  66    73   .381598901486E+01   .413398809203E+01
  66    74   .444334940026E+01   .481362850833E+01
  66    75   .576990652635E+01   .625073205902E+01
  66    76   .623304765279E+01   .675246827843E+01
  66    77   .725828048280E+01   .786313717561E+01
  66    78   .630995571437E+01   .683578534500E+01
  66    79   .588393594204E+01   .637426392580E+01
  66    80   .443870293251E+01   .480859483494E+01
  67    68   .146346765540E+01   .158542329051E+01
  67    69   .232810213601E+01   .252211064283E+01
  67    70   .418840354205E+01   .453743716243E+01
  67    71   .252368078850E+01   .273398751598E+01
  67    72   .252389623603E+01   .273422091747E+01
  67    73   .320329272492E+01   .347023377911E+01
  67    74   .460893920858E+01   .499301746702E+01
  67    75   .590175106985E+01   .639356364755E+01
  67    76   .651876087973E+01   .706199094040E+01
  67    77   .764172332270E+01   .827853358477E+01
  67    78   .610112666885E+01   .660955387941E+01
  67    79   .552383124601E+01   .598415050580E+01
  67    80   .418547361667E+01   .453426307660E+01
  68    69   .138510701752E+01   .150053259962E+01
  68    70   .504031615478E+01   .546034249123E+01
  68    71   .195916103043E+01   .212242444583E+01
  68    72   .195897427057E+01   .212222212265E+01
  68    73   .195889570380E+01   .212213700864E+01
  68    74   .595072965062E+01   .644662377662E+01
  68    75   .726962185949E+01   .787542366701E+01
  68    76   .796070824686E+01   .862410058532E+01
  68    77   .908375036698E+01   .984072954661E+01
  68    78   .739063057094E+01   .800651643751E+01
  68    79   .665986070961E+01   .721484908916E+01
  68    80   .538040785513E+01   .582877516595E+01
  69    70   .492075708194E+01   .533082016256E+01
  69    71   .998692573447E+00   .108191695263E+01
  69    72   .998227370621E+00   .108141298290E+01
  69    73   .998410154724E+00   .108161099901E+01
  69    74   .612754953275E+01   .663817864859E+01
  69    75   .750199640304E+01   .812716275540E+01
  69    76   .836645954631E+01   .906366449227E+01
  69    77   .944910176878E+01   .102365268978E+02
  69    78   .766419480383E+01   .830287768928E+01
  69    79   .674113490800E+01   .730289613725E+01
  69    80   .548363202077E+01   .594060134519E+01
  70    71   .511719164456E+01   .554362427168E+01
  70    72   .412427653851E+01   .446796624205E+01
  70    73   .574218533653E+01   .622070077010E+01
  70    74   .429237493040E+01   .465007283294E+01
  70    75   .547130648746E+01   .592724868414E+01
  70    76   .585453535016E+01   .634241328464E+01
  70    77   .654959161621E+01   .709539090485E+01
  70    78   .652916249081E+01   .707325935238E+01
  70    79   .623009299053E+01   .674926739432E+01
  70    80   .489310503102E+01   .530086377411E+01
  71    72   .163071931078E+01   .176661258352E+01
  71    73   .163012070772E+01   .176596409687E+01
  71    74   .570701308888E+01   .618259750188E+01
  71    75   .704355382957E+01   .763051663503E+01
  71    76   .803632967718E+01   .870602380135E+01
  71    77   .912146485085E+01   .988158690406E+01
  71    78   .708926097615E+01   .768003271041E+01
  71    79   .604989944070E+01   .655405771569E+01
  71    80   .489550275578E+01   .530346130926E+01
  72    73   .163028521828E+01   .176614231664E+01
  72    74   .594898825001E+01   .644473725930E+01
  72    75   .735707285782E+01   .797016224836E+01
  72    76   .818201901478E+01   .886385391681E+01
  72    77   .920857461723E+01   .997595581747E+01
  72    78   .770180599008E+01   .834362314098E+01
  72    79   .682771127477E+01   .739668720109E+01
  72    80   .549327880044E+01   .595105202316E+01
  73    74   .711336693398E+01   .770614749801E+01
  73    75   .848275806806E+01   .918965455727E+01
  73    76   .936079908845E+01   .101408656610E+02
  73    77   .104462759937E+02   .113167989729E+02
  73    78   .860180063067E+01   .931861733320E+01
  73    79   .763349878824E+01   .826962367245E+01
  73    80   .642290947456E+01   .695815191832E+01
  74    75   .141368662685E+01   .153149384301E+01
  74    76   .246824233465E+01   .267392919108E+01
  74    77   .346664228417E+01   .375552913446E+01
  74    78   .223839085267E+01   .242492341939E+01
  74    79   .223852939363E+01   .242507350542E+01
  74    80   .139973300442E+01   .151637741873E+01
  74    81   .278009784720E+01   .301177266240E+01
  74    82   .412979347471E+01   .447394292292E+01
  74    83   .473095558822E+01   .512520187806E+01
  74    84   .584864627343E+01   .633603345154E+01
  74    85   .477059895250E+01   .516814885595E+01
  74    86   .430983080830E+01   .466898336730E+01
  74    87   .243930144195E+01   .264257655738E+01
  74    88   .413049591906E+01   .447470390430E+01
  75    76   .146886964678E+01   .159127544782E+01
  75    77   .233159356675E+01   .252589302613E+01
  75    78   .144970839465E+01   .157051742472E+01
  75    79   .224377611071E+01   .243075744891E+01
  75    80   .231117343502E+01   .250377121679E+01
  75    81   .231591738099E+01   .250891049158E+01
  75    82   .366611997003E+01   .397162996042E+01
  75    83   .433033963044E+01   .469120125790E+01
  75    84   .531954867513E+01   .576284438774E+01
  75    85   .463603641349E+01   .502237277229E+01
  75    86   .458279326114E+01   .496469269067E+01
  75    87   .238809662740E+01   .258710467506E+01
  75    88   .454989871080E+01   .492905692787E+01
  76    77   .118110669298E+01   .127953224843E+01
  76    78   .243335459344E+01   .263613413818E+01
  76    79   .359058506809E+01   .388980048347E+01
  76    80   .356855967243E+01   .386593963821E+01
  76    81   .127986507408E+01   .138652049444E+01
  76    82   .237520917970E+01   .257314327339E+01
  76    83   .300501745180E+01   .325543556695E+01
  76    84   .391664482410E+01   .424303188518E+01
  76    85   .359164175653E+01   .389094522927E+01
  76    86   .390751110673E+01   .423313702471E+01
  76    87   .191021691763E+01   .206940165706E+01
  76    88   .391815976762E+01   .424467307399E+01
  77    78   .324852269594E+01   .351923291430E+01
  77    79   .445645876976E+01   .482783032526E+01
  77    80   .460250002197E+01   .498604168154E+01
  77    81   .215598325389E+01   .233564852087E+01
  77    82   .270550858051E+01   .293096762364E+01
  77    83   .293623497971E+01   .318092122232E+01
  77    84   .356402182143E+01   .386102363297E+01
  77    85   .413674515916E+01   .448147391440E+01
  77    86   .472164618784E+01   .511511669433E+01
  77    87   .297865878928E+01   .322688034927E+01
  77    88   .469436289993E+01   .508555979915E+01
  78    79   .144669706819E+01   .156725515439E+01
  78    80   .225767386624E+01   .244581335071E+01
  78    81   .304138394045E+01   .329483259625E+01
  78    82   .436002461757E+01   .472335999391E+01
  78    83   .533473831698E+01   .577929983304E+01
  78    84   .627630453689E+01   .679932990279E+01
  78    85   .515277422737E+01   .558217206965E+01
  78    86   .509263460338E+01   .551702081044E+01
  78    87   .291341036886E+01   .315619456062E+01
  78    88   .528387881292E+01   .572420203708E+01
  79    80   .146039288220E+01   .158209228621E+01
  79    81   .411716558107E+01   .446026270484E+01
  79    82   .550676200979E+01   .596565883326E+01
  79    83   .641371754512E+01   .694819399477E+01
  79    84   .744085658730E+01   .806092795514E+01
  79    85   .614348105881E+01   .665543780179E+01
  79    86   .579660481359E+01   .627965520348E+01
  79    87   .376678421501E+01   .408068289228E+01
  79    88   .589639299755E+01   .638775906924E+01
  80    81   .379840180977E+01   .411493528655E+01
  80    82   .517185929942E+01   .560284756434E+01
  80    83   .597449866999E+01   .647237354756E+01
  80    84   .709819274651E+01   .768970879495E+01
  80    85   .561453388565E+01   .608241169856E+01
  80    86   .500112136371E+01   .541788146765E+01
  80    87   .324996143640E+01   .352079154979E+01
  80    88   .495893898791E+01   .537218389395E+01
  81    82   .140816620968E+01   .152551339109E+01
  81    83   .243013396005E+01   .263264511868E+01
  81    84   .346457257115E+01   .375328694536E+01
  81    85   .236172214538E+01   .255853231958E+01
  81    86   .265457498405E+01   .287578956090E+01
  81    87   .939709082666E+00   .101801817106E+01
  81    88   .277355065458E+01   .300467987042E+01
  81    89   .272746610396E+01   .295475494067E+01
  81    90   .408753131158E+01   .442815891294E+01
  81    91   .470199121628E+01   .509382380851E+01
  81    92   .587767956067E+01   .636748617932E+01
  81    93   .479677312781E+01   .519650421248E+01
  81    94   .499215434073E+01   .540816719277E+01
  81    95   .592074745238E+01   .641414306193E+01
  81    96   .674951430134E+01   .731197381336E+01
  81    97   .619141527118E+01   .670736653177E+01
  81    98   .236807172004E+01   .256541102545E+01
  81    99   .696849029831E+01   .754919780965E+01
  81   100   .579095260019E+01   .627353197230E+01
  82    83   .147028442773E+01   .159280812719E+01
  82    84   .232362859073E+01   .251726430212E+01
  82    85   .147787783124E+01   .160103431431E+01
  82    86   .242600908650E+01   .262817650566E+01
  82    87   .202635898765E+01   .219522223269E+01
  82    88   .261451906949E+01   .283239565354E+01
  82    89   .234228393373E+01   .253747425700E+01
  82    90   .368092418651E+01   .398766786158E+01
  82    91   .446299705278E+01   .483491346518E+01
  82    92   .561868457385E+01   .608690827743E+01
  82    93   .462905360815E+01   .501480806651E+01
  82    94   .476473784151E+01   .516179931905E+01
  82    95   .593465959758E+01   .642921455254E+01
  82    96   .670275279906E+01   .726131551931E+01
  82    97   .644821674479E+01   .698556812768E+01
  82    98   .243155511947E+01   .263418470804E+01
  82    99   .728970765130E+01   .789718327476E+01
  82   100   .613754000959E+01   .664900166515E+01
  83    84   .117677558208E+01   .127484021164E+01
  83    85   .239328000223E+01   .259271999777E+01
  83    86   .322173139739E+01   .349020900759E+01
  83    87   .311456358658E+01   .337411054609E+01
  83    88   .302545489093E+01   .327757612597E+01
  83    89   .127767236483E+01   .138414505942E+01
  83    90   .236685581226E+01   .256409379202E+01
  83    91   .319374802359E+01   .345989368603E+01
  83    92   .429412625459E+01   .465197010081E+01
  83    93   .352589704183E+01   .381972178847E+01
  83    94   .388959600197E+01   .421372899459E+01
  83    95   .521962744536E+01   .565459638901E+01
  83    96   .606613730499E+01   .657164873530E+01
  83    97   .578072575747E+01   .626245289271E+01
  83    98   .190966514688E+01   .206880390541E+01
  83    99   .668733892092E+01   .724461715136E+01
  83   100   .544307014109E+01   .589665930895E+01
  84    85   .309342181311E+01   .335120695820E+01
  84    86   .413123159474E+01   .447550088629E+01
  84    87   .420330867095E+01   .455358438538E+01
  84    88   .399985552752E+01   .433317681371E+01
  84    89   .213491589766E+01   .231282555166E+01
  84    90   .266696691251E+01   .288921415005E+01
  84    91   .327833661152E+01   .355153132278E+01
  84    92   .423081802867E+01   .458338618952E+01
  84    93   .401138065224E+01   .434566236548E+01
  84    94   .447623840211E+01   .484925826027E+01
  84    95   .589914954474E+01   .639074532869E+01
  84    96   .671292835397E+01   .727233903711E+01
  84    97   .653483254809E+01   .707940191442E+01
  84    98   .296342981674E+01   .321038229572E+01
  84    99   .746023857557E+01   .808192510906E+01
  84   100   .620777934207E+01   .672509427519E+01
  85    86   .137571751647E+01   .149036064017E+01
  85    87   .241568621234E+01   .261699339201E+01
  85    88   .189426099666E+01   .205211607604E+01
  85    89   .311594454259E+01   .337560658176E+01
  85    90   .439034366553E+01   .475620562914E+01
  85    91   .547563029561E+01   .593193280962E+01
  85    92   .656683065866E+01   .711406653414E+01
  85    93   .509545790495E+01   .552007938715E+01
  85    94   .479862412728E+01   .519850946191E+01
  85    95   .589496698799E+01   .638621422555E+01
  85    96   .643592621067E+01   .697225338240E+01
  85    97   .660172429000E+01   .715186796802E+01
  85    98   .309529890024E+01   .335324046926E+01
  85    99   .737264869281E+01   .798703606958E+01
  85   100   .649621303901E+01   .703756411299E+01
  86    87   .223850654422E+01   .242504875190E+01
  86    88   .921506996165E+00   .998299244058E+00
  86    89   .346194981499E+01   .375044562619E+01
  86    90   .470176855266E+01   .509358258959E+01
  86    91   .590652052113E+01   .639873055310E+01
  86    92   .696184110918E+01   .754199452144E+01
  86    93   .502448565764E+01   .544319278603E+01
  86    94   .444774589616E+01   .481839137888E+01
  86    95   .526972656298E+01   .570887043300E+01
  86    96   .568747955617E+01   .616143617482E+01
  86    97   .594362399580E+01   .643892598391E+01
  86    98   .309934242192E+01   .335762095106E+01
  86    99   .660764325464E+01   .715828017970E+01
  86   100   .595159508854E+01   .644756133437E+01
  87    88   .242501111811E+01   .262709537325E+01
  87    89   .325721492723E+01   .352864949818E+01
  87    90   .461836724202E+01   .500323116989E+01
  87    91   .536711489119E+01   .581437445504E+01
  87    92   .651767091669E+01   .706081014711E+01
  87    93   .510002726868E+01   .552502953117E+01
  87    94   .507288726592E+01   .549562786157E+01
  87    95   .583711775994E+01   .632354422861E+01
  87    96   .656812567410E+01   .711546946753E+01
  87    97   .609773932290E+01   .660588425465E+01
  87    98   .269421652833E+01   .291873456713E+01
  87    99   .679650718646E+01   .736288277215E+01
  87   100   .578382983193E+01   .626581564003E+01
  88    89   .294187015406E+01   .318702599452E+01
  88    90   .406514990095E+01   .440391238481E+01
  88    91   .533600480257E+01   .578067185910E+01
  88    92   .633427831744E+01   .686213483160E+01
  88    93   .420995946862E+01   .456078941617E+01
  88    94   .356059677846E+01   .385731316976E+01
  88    95   .434965374806E+01   .471212488530E+01
  88    96   .479956424069E+01   .519952791810E+01
  88    97   .503458488990E+01   .545413362096E+01
  88    98   .249627432571E+01   .270429718134E+01
  88    99   .570914881977E+01   .618491121034E+01
  88   100   .506977772861E+01   .549225919615E+01
  89    90   .140421389271E+01   .152123171438E+01
  89    91   .244676317218E+01   .265066009845E+01
  89    92   .352813335587E+01   .382214446201E+01
  89    93   .233698686222E+01   .253173576287E+01
  89    94   .284712128732E+01   .308438138907E+01
  89    95   .410612391740E+01   .444830090254E+01
  89    96   .505627133920E+01   .547762727432E+01
  89    97   .456086513481E+01   .494093722053E+01
  89    98   .940010118268E+00   .101834429297E+01
  89    99   .547883834271E+01   .593540819397E+01
  89   100   .417930969924E+01   .452758549940E+01
  90    91   .147787783124E+01   .160103431431E+01
  90    92   .230879142001E+01   .250119070054E+01
  90    93   .145804912646E+01   .157955321750E+01
  90    94   .248907488781E+01   .269649779030E+01
  90    95   .375900010885E+01   .407225011063E+01
  90    96   .476568879730E+01   .516282952116E+01
  90    97   .417869926945E+01   .452692420047E+01
  90    98   .202443174082E+01   .219313438196E+01
  90    99   .511623676176E+01   .554258981531E+01
  90   100   .376641144954E+01   .408027906303E+01
  91    92   .118415640158E+01   .128283609942E+01
  91    93   .236628374783E+01   .256347405555E+01
  91    94   .373122324869E+01   .404215851217E+01
  91    95   .478047777673E+01   .517885091551E+01
  91    96   .586605846218E+01   .635489665598E+01
  91    97   .489564319156E+01   .530361344802E+01
  91    98   .299299657693E+01   .324241295253E+01
  91    99   .579507998207E+01   .627800330266E+01
  91   100   .427013881652E+01   .462598370961E+01
  92    93   .275304317229E+01   .298246343131E+01
  92    94   .415772276519E+01   .450419965422E+01
  92    95   .504558045813E+01   .546604548651E+01
  92    96   .608787715134E+01   .659520023548E+01
  92    97   .508263657407E+01   .550618961205E+01
  92    98   .404797726220E+01   .438530869287E+01
  92    99   .591613052902E+01   .640914139496E+01
  92   100   .447374482586E+01   .484655688600E+01
  93    94   .145977651905E+01   .158142455947E+01
  93    95   .243137526939E+01   .263398987046E+01
  93    96   .350019897178E+01   .379188221263E+01
  93    97   .278337245600E+01   .301532015527E+01
  93    98   .243887220852E+01   .264211155450E+01
  93    99   .370917601891E+01   .401827401328E+01
  93   100   .245995556091E+01   .266495185288E+01
  94    95   .146134232347E+01   .158312084760E+01
  94    96   .230876746970E+01   .250116475436E+01
  94    97   .240069935634E+01   .260075763138E+01
  94    98   .274583915298E+01   .297465907707E+01
  94    99   .323565134245E+01   .350528894804E+01
  94   100   .257247096643E+01   .278684354197E+01
  95    96   .116764141454E+01   .126494486348E+01
  95    97   .125819418142E+01   .136304369409E+01
  95    98   .377494778911E+01   .408952676422E+01
  95    99   .188651358612E+01   .204372304797E+01
  95   100   .191112396511E+01   .207038429182E+01
  96    97   .203227465420E+01   .220163087144E+01
  96    98   .473099639908E+01   .512524608982E+01
  96    99   .217562074545E+01   .235692247001E+01
  96   100   .289549766521E+01   .313678913169E+01
  97    98   .410865487977E+01   .445104277844E+01
  97    99   .939746349631E+00   .101805854361E+01
  97   100   .941001775157E+00   .101941858793E+01
  98    99   .498228014193E+01   .539747014409E+01
  98   100   .372274459100E+01   .403297329969E+01
  99   100   .164874627140E+01   .178614179082E+01
