   1     2   .134603577629E+01   .158012894908E+01
   1     3   .229016238158E+01   .268845148174E+01
   1     4   .276057969782E+01   .324068050317E+01
   1     5   .224438332635E+01   .263471085188E+01
   1     6   .351497736778E+01   .412627776472E+01
   1     7   .413163939713E+01   .485018536179E+01
   1     8   .494435648122E+01   .580424454402E+01
   1     9   .957315151642E+00   .112380473919E+01
   1    10   .956808847973E+00   .112321038271E+01
   1    11   .956418214149E+00   .112275181257E+01
   1    12   .318561661489E+01   .373963688228E+01
   1    13   .433940332189E+01   .509408214214E+01
   1    14   .447113829633E+01   .524872754637E+01
   1    15   .428067113140E+01   .502513565791E+01
   1    16   .536641970837E+01   .629971006976E+01
   1    17   .573376699155E+01   .673094383542E+01
   1    18   .656666949359E+01   .770869894299E+01
   1    19   .684970306907E+01   .804095574779E+01
   1    20   .333040254791E+01   .390960297695E+01
   2     3   .141488792029E+01   .166095537871E+01
   2     4   .215780876718E+01   .253307984800E+01
   2     5   .140684275329E+01   .165151105227E+01
   2     6   .236386745435E+01   .277497482772E+01
   2     7   .302997499721E+01   .355692715783E+01
   2     8   .367580310394E+01   .431507319344E+01
   2     9   .189415846506E+01   .222357732054E+01
   2    10   .189399066638E+01   .222338033949E+01
   2    11   .189349612124E+01   .222279978649E+01
   2    12   .234868018339E+01   .275714629232E+01
   2    13   .360261757449E+01   .422915974614E+01
   2    14   .412244127037E+01   .483938756084E+01
   2    15   .422677558343E+01   .496186697138E+01
   2    16   .460957221748E+01   .541123693148E+01
   2    17   .475073908538E+01   .557695455841E+01
   2    18   .584097517185E+01   .685679691619E+01
   2    19   .593037281923E+01   .696174198013E+01
   2    20   .250004918006E+01   .293484033124E+01
   3     4   .112483084529E+01   .132045359624E+01
   3     5   .231586295761E+01   .271862172307E+01
   3     6   .287579963199E+01   .337593868627E+01
   3     7   .375006570122E+01   .440225102472E+01
   3     8   .384609398053E+01   .451497987394E+01
   3     9   .248539903308E+01   .291764233267E+01
   3    10   .248546424734E+01   .291771888855E+01
   3    11   .311802075827E+01   .366028522479E+01
   3    12   .123564083371E+01   .145053488653E+01
   3    13   .227301505479E+01   .266832201123E+01
   3    14   .281831380632E+01   .330845532594E+01
   3    15   .315821662974E+01   .370747168244E+01
   3    16   .345660798773E+01   .405775718838E+01
   3    17   .381841775324E+01   .448249038985E+01
   3    18   .456629440727E+01   .536043254576E+01
   3    19   .512411979045E+01   .601527103670E+01
   3    20   .184569266749E+01   .216668268883E+01
   4     5   .332980538433E+01   .390890195884E+01
   4     6   .381504311302E+01   .447852885568E+01
   4     7   .437718105151E+01   .513842991154E+01
   4     8   .420245235793E+01   .493331361981E+01
   4     9   .254275018976E+01   .298496760332E+01
   4    10   .307847136508E+01   .361385767644E+01
   4    11   .361426096008E+01   .424282806830E+01
   4    12   .203925404052E+01   .239390690851E+01
   4    13   .252614929994E+01   .296547960230E+01
   4    14   .272868107718E+01   .320323429646E+01
   4    15   .325041364867E+01   .381570296514E+01
   4    16   .391660209023E+01   .459775026329E+01
   4    17   .444911820137E+01   .522287786976E+01
   4    18   .476839834984E+01   .559768499923E+01
   4    19   .582645356497E+01   .683974981252E+01
   4    20   .284007755629E+01   .333400407582E+01
   5     6   .140852481004E+01   .165348564062E+01
   5     7   .256327883710E+01   .300906645012E+01
   5     8   .357888585683E+01   .420130077333E+01
   5     9   .308292934050E+01   .361909095191E+01
   5    10   .245015916302E+01   .287627378972E+01
   5    11   .241187348562E+01   .283132973379E+01
   5    12   .264393883227E+01   .310375427019E+01
   5    13   .398969178412E+01   .468355120798E+01
   5    14   .476878821694E+01   .559814266930E+01
   5    15   .479455509608E+01   .562839074471E+01
   5    16   .461031342338E+01   .541210704275E+01
   5    17   .443436068894E+01   .520555383350E+01
   5    18   .596936228535E+01   .700751222279E+01
   5    19   .538798077629E+01   .632502088853E+01
   5    20   .229490676509E+01   .269402097541E+01
   6     7   .166597877141E+01   .195571420288E+01
   6     8   .252677979555E+01   .296621974932E+01
   6     9   .423296609796E+01   .496913409711E+01
   6    10   .380925453584E+01   .447173356945E+01
   6    11   .367275915350E+01   .431149986033E+01
   6    12   .297551540154E+01   .349299632837E+01
   6    13   .415599846063E+01   .487878078405E+01
   6    14   .524685438073E+01   .615935077260E+01
   6    15   .551148443899E+01   .647000344858E+01
   6    16   .459638013264E+01   .539575057107E+01
   6    17   .402479013721E+01   .472475362233E+01
   6    18   .589621814189E+01   .692164735904E+01
   6    19   .492400820924E+01   .578035744221E+01
   6    20   .258622637068E+01   .303600485900E+01
   7     8   .163009410499E+01   .191358872506E+01
   7     9   .467338820507E+01   .548615135142E+01
   7    10   .472951716104E+01   .555204186471E+01
   7    11   .408082643110E+01   .479053535839E+01
   7    12   .421774580272E+01   .495126679407E+01
   7    13   .532236055071E+01   .624798845008E+01
   7    14   .637854452725E+01   .748785659200E+01
   7    15   .676644584416E+01   .794321900586E+01
   7    16   .595182537487E+01   .698692541491E+01
   7    17   .534201104534E+01   .627105642196E+01
   7    18   .714415905960E+01   .838662147456E+01
   7    19   .630107215416E+01   .739691076304E+01
   7    20   .406751197352E+01   .477490534303E+01
   8     9   .528811607481E+01   .620778841331E+01
   8    10   .554901370131E+01   .651405953896E+01
   8    11   .513814729709E+01   .603173810966E+01
   8    12   .421765108262E+01   .495115560091E+01
   8    13   .499296689588E+01   .586130894363E+01
   8    14   .613876686582E+01   .720637846872E+01
   8    15   .677891224615E+01   .795785347771E+01
   8    16   .564475190901E+01   .662644786933E+01
   8    17   .497642160500E+01   .584188621092E+01
   8    18   .661700163257E+01   .776778449723E+01
   8    19   .603292159994E+01   .708212533097E+01
   8    20   .428389838509E+01   .502892417309E+01
   9    10   .156278540200E+01   .183457416096E+01
   9    11   .156241842689E+01   .183414336410E+01
   9    12   .352790972112E+01   .414145922293E+01
   9    13   .449712987051E+01   .527923939420E+01
   9    14   .441804049966E+01   .518639535050E+01
   9    15   .427663670721E+01   .502039959475E+01
   9    16   .568010124521E+01   .666794491603E+01
   9    17   .618701478673E+01   .726301733219E+01
   9    18   .675662037932E+01   .793168476457E+01
   9    19   .738829158598E+01   .867321183058E+01
   9    20   .388069010968E+01   .455559272105E+01
  10    11   .156183623568E+01   .183345992224E+01
  10    12   .306354475020E+01   .359633512860E+01
  10    13   .415357881503E+01   .487594033053E+01
  10    14   .415877287632E+01   .488203770681E+01
  10    15   .375445203805E+01   .440740020271E+01
  10    16   .503927546660E+01   .591567117863E+01
  10    17   .552201766199E+01   .648236853640E+01
  10    18   .624563032384E+01   .733182687551E+01
  10    19   .653544910209E+01   .767204891832E+01
  10    20   .309900686216E+01   .363796456423E+01
  11    12   .399298707711E+01   .468741959539E+01
  11    13   .521658181649E+01   .612381341471E+01
  11    14   .541520042787E+01   .635697439244E+01
  11    15   .519107577698E+01   .609387154235E+01
  11    16   .617615584980E+01   .725026988454E+01
  11    17   .642073181912E+01   .753738080401E+01
  11    18   .742593119483E+01   .871739745821E+01
  11    19   .747349525261E+01   .877323352583E+01
  11    20   .401149762520E+01   .470914936915E+01
  12    13   .135247948329E+01   .158769330075E+01
  12    14   .227553850104E+01   .267128431770E+01
  12    15   .264835931189E+01   .310894352885E+01
  12    16   .227480749025E+01   .267042617460E+01
  12    17   .267953060589E+01   .314553591733E+01
  12    18   .349879278603E+01   .410727847317E+01
  12    19   .394873925153E+01   .463547649599E+01
  12    20   .901432884223E+00   .105820381680E+01
  12    21   .324299478644E+01   .380699386603E+01
  12    22   .438617273472E+01   .514898536570E+01
  12    23   .522387221395E+01   .613237170735E+01
  12    24   .604416797685E+01   .709532759946E+01
  12    25   .527449135695E+01   .619179417935E+01
  12    26   .653514967024E+01   .767169741136E+01
  12    27   .752366326663E+01   .883212641165E+01
  12    28   .800611726886E+01   .939848545571E+01
  12    29   .776873082109E+01   .911981440933E+01
  12    30   .342670855803E+01   .402265785799E+01
  12    31   .684849268122E+01   .803953485771E+01
  12    32   .829498480781E+01   .973759082630E+01
  12    33   .816631512123E+01   .958654380346E+01
  13    14   .141301637916E+01   .165875835217E+01
  13    15   .220807436971E+01   .259208729424E+01
  13    16   .143187294128E+01   .168089431632E+01
  13    17   .233996823476E+01   .274691922222E+01
  13    18   .230827652102E+01   .270971590623E+01
  13    19   .362386867928E+01   .425410669514E+01
  13    20   .195143559679E+01   .229081569233E+01
  13    21   .227112822343E+01   .266610703530E+01
  13    22   .353715965020E+01   .415231783529E+01
  13    23   .422855510612E+01   .496395597628E+01
  13    24   .491232051798E+01   .576663710905E+01
  13    25   .444355372268E+01   .521634565568E+01
  13    26   .576915811770E+01   .677248993988E+01
  13    27   .675081219466E+01   .792486646086E+01
  13    28   .706031888120E+01   .828820039592E+01
  13    29   .682798280013E+01   .801545804086E+01
  13    30   .238154879581E+01   .279573118502E+01
  13    31   .590982931190E+01   .693762568900E+01
  13    32   .726921407982E+01   .853342519342E+01
  13    33   .733521915111E+01   .861090940726E+01
  14    15   .113561768294E+01   .133311640561E+01
  14    16   .232805632343E+01   .273293567419E+01
  14    17   .357891802043E+01   .420133853061E+01
  14    18   .273389389996E+01   .320935369710E+01
  14    19   .468878738770E+01   .550422865271E+01
  14    20   .292136957600E+01   .342943383774E+01
  14    21   .122362248337E+01   .143642638836E+01
  14    22   .224955897626E+01   .264078661480E+01
  14    23   .295041935084E+01   .346353574722E+01
  14    24   .378981424366E+01   .444891235698E+01
  14    25   .337012639611E+01   .395623532032E+01
  14    26   .458786521112E+01   .538575479367E+01
  14    27   .571309126933E+01   .670667233551E+01
  14    28   .613963784738E+01   .720740092533E+01
  14    29   .614062283481E+01   .720855721492E+01
  14    30   .183705848233E+01   .215654690628E+01
  14    31   .529564763558E+01   .621662981070E+01
  14    32   .666140802387E+01   .781991373901E+01
  14    33   .668862526368E+01   .785186441171E+01
  15    16   .282035660308E+01   .331085339170E+01
  15    17   .409802225681E+01   .481072176241E+01
  15    18   .335757072977E+01   .394149605989E+01
  15    19   .503465728781E+01   .591024983833E+01
  15    20   .308134769815E+01   .361723424133E+01
  15    21   .205873492467E+01   .241677577244E+01
  15    22   .254056030723E+01   .298239687167E+01
  15    23   .299425572797E+01   .351499584192E+01
  15    24   .400376961194E+01   .470007735362E+01
  15    25   .385917071344E+01   .453033082121E+01
  15    26   .485721195606E+01   .570194444964E+01
  15    27   .612635330476E+01   .719180602752E+01
  15    28   .669017504844E+01   .785368372425E+01
  15    29   .687944763934E+01   .807587328668E+01
  15    30   .285664800515E+01   .335345634180E+01
  15    31   .610148683014E+01   .716261494873E+01
  15    32   .744433940534E+01   .873900709655E+01
  15    33   .742993607683E+01   .872209884141E+01
  16    17   .140407312675E+01   .164825975156E+01
  16    18   .140341047383E+01   .164748185465E+01
  16    19   .236763282951E+01   .277939505073E+01
  16    20   .233160419667E+01   .273710056885E+01
  16    21   .320230327956E+01   .375922557551E+01
  16    22   .436412568550E+01   .512310404715E+01
  16    23   .464902090811E+01   .545754626379E+01
  16    24   .518930924751E+01   .609179779037E+01
  16    25   .539105353067E+01   .632862803497E+01
  16    26   .668422479509E+01   .784669864425E+01
  16    27   .770730680996E+01   .904770796174E+01
  16    28   .785514572635E+01   .922125799340E+01
  16    29   .765030348116E+01   .898079101078E+01
  16    30   .332373897503E+01   .390178052186E+01
  16    31   .675561438851E+01   .793050381883E+01
  16    32   .796144602544E+01   .934604530057E+01
  16    33   .826459500549E+01   .970191584109E+01
  17    18   .228995707025E+01   .268821046410E+01
  17    19   .142000502698E+01   .166696241697E+01
  17    20   .244446026059E+01   .286958377385E+01
  17    21   .440847345701E+01   .517516447438E+01
  17    22   .565674193942E+01   .664052312237E+01
  17    23   .601803632810E+01   .706465131626E+01
  17    24   .649678988037E+01   .762666635385E+01
  17    25   .656684775067E+01   .770890820130E+01
  17    26   .791189079137E+01   .928787176513E+01
  17    27   .884293042433E+01   .103808313303E+02
  17    28   .893409623811E+01   .104878520679E+02
  17    29   .857412983644E+01   .100652828152E+02
  17    30   .435569169581E+01   .511320327668E+01
  17    31   .765046760811E+01   .898098368154E+01
  17    32   .883134573876E+01   .103672319169E+02
  17    33   .913922750704E+01   .107286583392E+02
  18    19   .285274570161E+01   .334887537679E+01
  18    20   .370687306745E+01   .435154662874E+01
  18    21   .316266469859E+01   .371269332846E+01
  18    22   .418738786598E+01   .491562921628E+01
  18    23   .417963412589E+01   .490652699969E+01
  18    24   .443172643086E+01   .520246144358E+01
  18    25   .510230524610E+01   .598966265865E+01
  18    26   .635477812700E+01   .745995690484E+01
  18    27   .730118052805E+01   .857095102382E+01
  18    28   .722257408294E+01   .847867389294E+01
  18    29   .702144893398E+01   .824257045804E+01
  18    30   .314787233415E+01   .369532837896E+01
  18    31   .618160598186E+01   .725666786563E+01
  18    32   .719553415988E+01   .844693137468E+01
  18    33   .773835096867E+01   .908415110444E+01
  19    20   .352513292667E+01   .413819950772E+01
  19    21   .554058320505E+01   .650416286948E+01
  19    22   .669781888856E+01   .786265692784E+01
  19    23   .682220596747E+01   .800867654168E+01
  19    24   .721593754081E+01   .847088316959E+01
  19    25   .768914877969E+01   .902639201324E+01
  19    26   .899246546041E+01   .105563724590E+02
  19    27   .996440827837E+01   .116973488064E+02
  19    28   .997256445756E+01   .117069234515E+02
  19    29   .965656377713E+01   .113359661323E+02
  19    30   .554239102130E+01   .650628508855E+01
  19    31   .876208595781E+01   .102859269569E+02
  19    32   .983452392918E+01   .115448758753E+02
  19    33   .102872607410E+02   .120763495221E+02
  20    21   .400223994082E+01   .469828165274E+01
  20    22   .511623953741E+01   .600602030491E+01
  20    23   .582304602288E+01   .683574965443E+01
  20    24   .664900021855E+01   .780534805455E+01
  20    25   .609594486540E+01   .715610916407E+01
  20    26   .733918490525E+01   .861556485776E+01
  20    27   .837291228305E+01   .982907090560E+01
  20    28   .884412845416E+01   .103822377132E+02
  20    29   .862501017356E+01   .101250119064E+02
  20    30   .422873164615E+01   .496416321891E+01
  20    31   .770340723422E+01   .904313019893E+01
  20    32   .912549045225E+01   .107125322315E+02
  20    33   .904620147455E+01   .106194538667E+02
  21    22   .134387817388E+01   .157759611148E+01
  21    23   .231292208844E+01   .271516939840E+01
  21    24   .300918949859E+01   .353252678997E+01
  21    25   .221997563625E+01   .260605834622E+01
  21    26   .352256299263E+01   .413518262864E+01
  21    27   .456222732052E+01   .535565813960E+01
  21    28   .492769400949E+01   .578468425119E+01
  21    29   .492379402655E+01   .578010601036E+01
  21    30   .901487341652E+00   .105826774509E+01
  21    31   .409572035662E+01   .480801953177E+01
  21    32   .546055931808E+01   .641022178511E+01
  21    33   .548963106815E+01   .644434949158E+01
  21    34   .298708232379E+01   .350657488922E+01
  21    35   .421215839476E+01   .494470766301E+01
  21    36   .519301683918E+01   .609615018058E+01
  21    37   .580804803216E+01   .681814331757E+01
  21    38   .486284022463E+01   .570855154750E+01
  21    39   .612824852880E+01   .719403085575E+01
  21    40   .442423744237E+01   .519367002235E+01
  21    41   .295753701427E+01   .347189126513E+01
  22    23   .141541245317E+01   .166157113470E+01
  22    24   .224631108594E+01   .263697387400E+01
  22    25   .141438862601E+01   .166036925064E+01
  22    26   .240306853436E+01   .282099348671E+01
  22    27   .364418469219E+01   .427795592761E+01
  22    28   .416935444235E+01   .489445954515E+01
  22    29   .450591901416E+01   .528955708453E+01
  22    30   .194616014067E+01   .228462276560E+01
  22    31   .385548840903E+01   .452600811605E+01
  22    32   .512167727585E+01   .601240373697E+01
  22    33   .509261561353E+01   .597828787263E+01
  22    34   .224717660695E+01   .263798992040E+01
  22    35   .352014002088E+01   .413233827050E+01
  22    36   .422221850412E+01   .495651735656E+01
  22    37   .480756350933E+01   .564366149064E+01
  22    38   .444094378616E+01   .521328181717E+01
  22    39   .569112097776E+01   .668088112376E+01
  22    40   .440596914527E+01   .517222463018E+01
  22    41   .234392349341E+01   .275156235192E+01
  23    24   .113652549405E+01   .133418209691E+01
  23    25   .234000856556E+01   .274696656707E+01
  23    26   .286615203531E+01   .336461324674E+01
  23    27   .412339495199E+01   .484050710013E+01
  23    28   .439752648492E+01   .516231368111E+01
  23    29   .495242256171E+01   .581371342108E+01
  23    30   .288526111185E+01   .338704564085E+01
  23    31   .444450867764E+01   .521746668975E+01
  23    32   .540107931019E+01   .634039742828E+01
  23    33   .569241650419E+01   .668240195913E+01
  23    34   .122244773050E+01   .143504733064E+01
  23    35   .224567553035E+01   .263622778701E+01
  23    36   .300827578922E+01   .353145417463E+01
  23    37   .378801116236E+01   .444679569633E+01
  23    38   .336690576964E+01   .395245458492E+01
  23    39   .447871063066E+01   .525761680837E+01
  23    40   .354785330037E+01   .416487125066E+01
  23    41   .183756430144E+01   .215714069393E+01
  24    25   .265091100026E+01   .311193898911E+01
  24    26   .300633281244E+01   .352917328885E+01
  24    27   .401077353558E+01   .470829935091E+01
  24    28   .393301141348E+01   .461701338181E+01
  24    29   .451785220610E+01   .530356561416E+01
  24    30   .331676333114E+01   .389359172254E+01
  24    31   .412711149709E+01   .484487000088E+01
  24    32   .479859177909E+01   .563312945952E+01
  24    33   .536150537843E+01   .629394107376E+01
  24    34   .204707773733E+01   .240309124822E+01
  24    35   .251339050220E+01   .295050188327E+01
  24    36   .313575276319E+01   .368110105658E+01
  24    37   .412036110752E+01   .483694563055E+01
  24    38   .379128506909E+01   .445063897813E+01
  24    39   .463649451879E+01   .544284137203E+01
  24    40   .402748776016E+01   .472792039709E+01
  24    41   .284953422993E+01   .334510538832E+01
  25    26   .140290799971E+01   .164689199373E+01
  25    27   .234796581624E+01   .275630768740E+01
  25    28   .290496625509E+01   .341017776544E+01
  25    29   .320056272324E+01   .375718231376E+01
  25    30   .229466720613E+01   .269373975402E+01
  25    31   .261877721745E+01   .307421672247E+01
  25    32   .392320773315E+01   .460550471364E+01
  25    33   .371503724267E+01   .436113066048E+01
  25    34   .340323843494E+01   .399510597446E+01
  25    35   .453678167233E+01   .532578716139E+01
  25    36   .498770583133E+01   .585513291136E+01
  25    37   .561121162110E+01   .658707448802E+01
  25    38   .565061439712E+01   .663332992057E+01
  25    39   .680774545442E+01   .799170115686E+01
  25    40   .572061734438E+01   .671550729314E+01
  25    41   .363385932586E+01   .426583484544E+01
  26    27   .140938175088E+01   .165449161465E+01
  26    28   .235626728619E+01   .276605289123E+01
  26    29   .316761197785E+01   .371850100409E+01
  26    30   .369237653987E+01   .433452896599E+01
  26    31   .298982010501E+01   .350978880630E+01
  26    32   .394298928221E+01   .462872653202E+01
  26    33   .358569100760E+01   .420928942855E+01
  26    34   .378493893252E+01   .444318916566E+01
  26    35   .472879446055E+01   .555119347719E+01
  26    36   .477047422704E+01   .560012189854E+01
  26    37   .529448498906E+01   .621526496478E+01
  26    38   .598247854414E+01   .702290957002E+01
  26    39   .703617956124E+01   .825986293347E+01
  26    40   .635948635376E+01   .746548395363E+01
  26    41   .407646550519E+01   .478541601061E+01
  27    28   .140681237061E+01   .165147538564E+01
  27    29   .226678441797E+01   .266100778544E+01
  27    30   .449808097787E+01   .528035591153E+01
  27    31   .246077781905E+01   .288873916849E+01
  27    32   .309762156225E+01   .363633834259E+01
  27    33   .246095512213E+01   .288894730689E+01
  27    34   .512656733261E+01   .601814423836E+01
  27    35   .598498433442E+01   .702585114990E+01
  27    36   .594428838868E+01   .697807764855E+01
  27    37   .649948624144E+01   .762983164727E+01
  27    38   .729653074422E+01   .856549258195E+01
  27    39   .827672309431E+01   .971615316270E+01
  27    40   .766525876216E+01   .899834721014E+01
  27    41   .547194825805E+01   .642359141024E+01
  28    29   .133375792546E+01   .156571581990E+01
  28    30   .469548839863E+01   .551209505682E+01
  28    31   .188307572683E+01   .221056714963E+01
  28    32   .188295054321E+01   .221042019495E+01
  28    33   .188296942242E+01   .221044235750E+01
  28    34   .551326226532E+01   .647209046208E+01
  28    35   .620898731616E+01   .728881117100E+01
  28    36   .624445994203E+01   .733045294904E+01
  28    37   .698218028910E+01   .819647248379E+01
  28    38   .757498542799E+01   .889237416607E+01
  28    39   .842229456681E+01   .988704141241E+01
  28    40   .788146180156E+01   .925215077723E+01
  28    41   .602996868043E+01   .707865886024E+01
  29    30   .446257407071E+01   .523867389024E+01
  29    31   .956713747972E+00   .112309874358E+01
  29    32   .956832732069E+00   .112323842056E+01
  29    33   .956561125886E+00   .112291957852E+01
  29    34   .615011441076E+01   .721969949969E+01
  29    35   .694980131507E+01   .815846238398E+01
  29    36   .720222387745E+01   .845478452135E+01
  29    37   .799307003780E+01   .938316914103E+01
  29    38   .824377263453E+01   .967747218831E+01
  29    39   .914560016989E+01   .107361392912E+02
  29    40   .834123271830E+01   .979188185146E+01
  29    41   .662479308207E+01   .777693098139E+01
  30    31   .356511883334E+01   .418513948494E+01
  30    32   .494042065388E+01   .579962422498E+01
  30    33   .501190306850E+01   .588353836358E+01
  30    34   .373336590178E+01   .438264691240E+01
  30    35   .488798771505E+01   .573807251441E+01
  30    36   .586643099605E+01   .688667984014E+01
  30    37   .656037706350E+01   .770131217726E+01
  30    38   .560049311560E+01   .657449189465E+01
  30    39   .680297334129E+01   .798609911103E+01
  30    40   .510095293171E+01   .598807515915E+01
  30    41   .381161174734E+01   .447450073077E+01
  31    32   .156235910696E+01   .183407372765E+01
  31    33   .156191752250E+01   .183355534590E+01
  31    34   .565654353085E+01   .664029020796E+01
  31    35   .655520118299E+01   .769523614364E+01
  31    36   .697202060251E+01   .818454589522E+01
  31    37   .777028499490E+01   .912163887422E+01
  31    38   .777008020794E+01   .912139847215E+01
  31    39   .874494269939E+01   .102658022623E+02
  31    40   .774070605065E+01   .908691576588E+01
  31    41   .607586341001E+01   .713253528173E+01
  32    33   .156202400183E+01   .183368034337E+01
  32    34   .660545195268E+01   .775422617741E+01
  32    35   .728618708681E+01   .855335002764E+01
  32    36   .756383707038E+01   .887928696370E+01
  32    37   .843381348685E+01   .990056362284E+01
  32    38   .858469004394E+01   .100776795805E+02
  32    39   .938826933530E+01   .110210117887E+02
  32    40   .865238970060E+01   .101571530902E+02
  32    41   .716113310080E+01   .840654752285E+01
  33    34   .687029988791E+01   .806513462200E+01
  33    35   .773714597442E+01   .908273654598E+01
  33    36   .794142882451E+01   .932254684739E+01
  33    37   .866340852389E+01   .101700882306E+02
  33    38   .902379721331E+01   .105931532123E+02
  33    39   .997297056590E+01   .117074001874E+02
  33    40   .912832518364E+01   .107158599596E+02
  33    41   .727292523647E+01   .853778176860E+01
  34    35   .134554867524E+01   .157955713481E+01
  34    36   .227987268123E+01   .267637226833E+01
  34    37   .290443650865E+01   .340955588919E+01
  34    38   .226113261298E+01   .265437305786E+01
  34    39   .348689977316E+01   .409331711028E+01
  34    40   .264237133892E+01   .310191416931E+01
  34    41   .901342271037E+00   .105809744480E+01
  34    42   .304569095728E+01   .357537632829E+01
  34    43   .420966647782E+01   .494178236922E+01
  34    44   .533675507074E+01   .626488636485E+01
  34    45   .578891233479E+01   .679567967290E+01
  34    46   .482497033534E+01   .566409559066E+01
  34    47   .588132407052E+01   .690416301445E+01
  34    48   .707698117818E+01   .830776048361E+01
  34    49   .735458428176E+01   .863364238664E+01
  34    50   .792908234214E+01   .930805315075E+01
  34    51   .311926797685E+01   .366174935095E+01
  35    36   .141319247485E+01   .165896507320E+01
  35    37   .223627494773E+01   .262519232049E+01
  35    38   .142986529322E+01   .167853751208E+01
  35    39   .231136282430E+01   .271333895789E+01
  35    40   .232853236324E+01   .273349450354E+01
  35    41   .194964867040E+01   .228871799614E+01
  35    42   .225934056730E+01   .265226935207E+01
  35    43   .351495425109E+01   .412625062773E+01
  35    44   .440318767206E+01   .516895942251E+01
  35    45   .471623498109E+01   .553644974048E+01
  35    46   .438050685133E+01   .514233411132E+01
  35    47   .554098007094E+01   .650462875552E+01
  35    48   .670370953967E+01   .786957203999E+01
  35    49   .709768863509E+01   .833206923729E+01
  35    50   .742863109382E+01   .872056690484E+01
  35    51   .237597904493E+01   .278919278183E+01
  36    37   .113606776779E+01   .133364476609E+01
  36    38   .234066406964E+01   .274773607186E+01
  36    39   .276698944200E+01   .324820498544E+01
  36    40   .357947338834E+01   .420199048423E+01
  36    41   .277079563870E+01   .325267312938E+01
  36    42   .122078349767E+01   .143309366602E+01
  36    43   .222705018212E+01   .261436324786E+01
  36    44   .314228717771E+01   .368877189099E+01
  36    45   .367007754005E+01   .430835187933E+01
  36    46   .328706988481E+01   .385873419871E+01
  36    47   .432719621861E+01   .507975206444E+01
  36    48   .554756080003E+01   .651235395920E+01
  36    49   .608671966419E+01   .714527958007E+01
  36    50   .619767019843E+01   .727552585893E+01
  36    51   .184197372500E+01   .216231697374E+01
  37    38   .267228693350E+01   .313703247586E+01
  37    39   .305638636607E+01   .358793180813E+01
  37    40   .401284185068E+01   .471072737298E+01
  37    41   .308414601706E+01   .362051922439E+01
  37    42   .203953356005E+01   .239423504014E+01
  37    43   .247660736715E+01   .290732168141E+01
  37    44   .320973721716E+01   .376795237180E+01
  37    45   .394110326233E+01   .462651250870E+01
  37    46   .369099815749E+01   .433291086493E+01
  37    47   .443486370637E+01   .520614433221E+01
  37    48   .574451036342E+01   .674355561975E+01
  37    49   .643306716937E+01   .755186143252E+01
  37    50   .629222438064E+01   .738652424634E+01
  37    51   .284756720580E+01   .334279627303E+01
  38    39   .139927161267E+01   .164262319156E+01
  38    40   .140106576449E+01   .164472936979E+01
  38    41   .238757318526E+01   .280280329434E+01
  38    42   .337108388685E+01   .395735933119E+01
  38    43   .449559758877E+01   .527744062869E+01
  38    44   .511014893332E+01   .599887046535E+01
  38    45   .534587690385E+01   .627559460367E+01
  38    46   .556850177255E+01   .653693683990E+01
  38    47   .666569270494E+01   .782494358198E+01
  38    48   .785908977061E+01   .922588795838E+01
  38    49   .835457512893E+01   .980754468127E+01
  38    50   .847931181657E+01   .995397470537E+01
  38    51   .359099819021E+01   .421551959943E+01
  39    40   .227475018991E+01   .267035890898E+01
  39    41   .374944970792E+01   .440152790215E+01
  39    42   .353856793891E+01   .415397104377E+01
  39    43   .451971797096E+01   .530575585985E+01
  39    44   .474858007607E+01   .557442006924E+01
  39    45   .474871678630E+01   .557458055515E+01
  39    46   .570408800396E+01   .669610328489E+01
  39    47   .682053317412E+01   .800671282775E+01
  39    48   .791020286941E+01   .928589029154E+01
  39    49   .848168923182E+01   .995676558413E+01
  39    50   .838041823230E+01   .983788223729E+01
  39    51   .373221368538E+01   .438129431055E+01
  40    41   .264553019200E+01   .310562238813E+01
  40    42   .451415239415E+01   .529922235667E+01
  40    43   .574176784624E+01   .674033614307E+01
  40    44   .641010745630E+01   .752490872596E+01
  40    45   .655387241540E+01   .769367628604E+01
  40    46   .668916646702E+01   .785249973737E+01
  40    47   .785252817947E+01   .921818522098E+01
  40    48   .901371498306E+01   .105813175507E+02
  40    49   .940542544934E+01   .110411515747E+02
  40    50   .969689839026E+01   .113833154606E+02
  40    51   .454072420146E+01   .533041534775E+01
  41    42   .371002203496E+01   .435524324276E+01
  41    43   .476962189131E+01   .559912133051E+01
  41    44   .588031947078E+01   .690298370172E+01
  41    45   .641552474325E+01   .753126814975E+01
  41    46   .545708926097E+01   .640614823982E+01
  41    47   .639720802206E+01   .750976591191E+01
  41    48   .765747796815E+01   .898921323461E+01
  41    49   .798362171748E+01   .937207763461E+01
  41    50   .849556720031E+01   .997305711229E+01
  41    51   .391804595038E+01   .459944522954E+01
  42    43   .134059911464E+01   .157374678109E+01
  42    44   .238086722075E+01   .279493107517E+01
  42    45   .284342250048E+01   .333793074942E+01
  42    46   .221832185328E+01   .260411694882E+01
  42    47   .342943855920E+01   .402586264196E+01
  42    48   .452071300529E+01   .530692394364E+01
  42    49   .500799438369E+01   .587894990752E+01
  42    50   .518940164542E+01   .609190625748E+01
  42    51   .901554000579E+00   .105834599687E+01
  42    52   .332935289711E+01   .390837077819E+01
  42    53   .452174113964E+01   .530813088395E+01
  42    54   .544272452038E+01   .638928528354E+01
  42    55   .614569655610E+01   .721451332249E+01
  42    56   .532895498033E+01   .625572973700E+01
  42    57   .501714196477E+01   .588968837223E+01
  42    58   .658306359675E+01   .772794419446E+01
  42    59   .521274087490E+01   .611930448329E+01
  42    60   .344681165342E+01   .404625714380E+01
  43    44   .141248586306E+01   .165813557241E+01
  43    45   .226414542482E+01   .265790983696E+01
  43    46   .139645636250E+01   .163931833269E+01
  43    47   .231193529286E+01   .271401098620E+01
  43    48   .343548856489E+01   .403296482253E+01
  43    49   .412867772565E+01   .484670861701E+01
  43    50   .398719063896E+01   .468061508106E+01
  43    51   .195040108870E+01   .228960126979E+01
  43    52   .222484420453E+01   .261177362201E+01
  43    53   .348747683291E+01   .409399452824E+01
  43    54   .424491161195E+01   .498315709174E+01
  43    55   .487813888754E+01   .572651084737E+01
  43    56   .442067238261E+01   .518948495221E+01
  43    57   .442553528904E+01   .519519358148E+01
  43    58   .568310124513E+01   .667146665505E+01
  43    59   .485108629372E+01   .569475345473E+01
  43    60   .231873238544E+01   .272199018181E+01
  44    45   .114445411769E+01   .134348961158E+01
  44    46   .227820776493E+01   .267441780138E+01
  44    47   .283691678512E+01   .333029360533E+01
  44    48   .361817111321E+01   .424741824805E+01
  44    49   .447817606045E+01   .525698926943E+01
  44    50   .377282578523E+01   .442896938412E+01
  44    51   .285864327480E+01   .335579861486E+01
  44    52   .122389498938E+01   .143674628671E+01
  44    53   .222845157150E+01   .261600835712E+01
  44    54   .310367887757E+01   .364344910403E+01
  44    55   .392671197283E+01   .460961838629E+01
  44    56   .331874823167E+01   .389592182316E+01
  44    57   .346518815886E+01   .406782956315E+01
  44    58   .445029230251E+01   .522425616240E+01
  44    59   .377492167095E+01   .443142977168E+01
  44    60   .184347110951E+01   .216407477294E+01
  45    46   .290965632873E+01   .341568350404E+01
  45    47   .363512677415E+01   .426732271952E+01
  45    48   .412771162857E+01   .484557450305E+01
  45    49   .486297285248E+01   .570870724106E+01
  45    50   .417877440050E+01   .490551775684E+01
  45    51   .303678385623E+01   .356492016622E+01
  45    52   .205917190552E+01   .241728874995E+01
  45    53   .250471618296E+01   .294031898681E+01
  45    54   .333913161001E+01   .391985013677E+01
  45    55   .435601649035E+01   .511358455722E+01
  45    56   .367160301705E+01   .431014265667E+01
  45    57   .375584262658E+01   .440903263272E+01
  45    58   .454602173127E+01   .533663418706E+01
  45    59   .364744544761E+01   .428178377092E+01
  45    60   .286233957284E+01   .336013774733E+01
  46    47   .140061955706E+01   .164420556107E+01
  46    48   .233071047166E+01   .273605141341E+01
  46    49   .281722838585E+01   .330718113671E+01
  46    50   .314088350932E+01   .368712410637E+01
  46    51   .238594386886E+01   .280089061858E+01
  46    52   .303375409639E+01   .356136349164E+01
  46    53   .417304729584E+01   .489879463400E+01
  46    54   .452330881912E+01   .530997120333E+01
  46    55   .507726796703E+01   .596027107028E+01
  46    56   .531040298426E+01   .623395130691E+01
  46    57   .558090913392E+01   .655150200320E+01
  46    58   .648202276196E+01   .760933104100E+01
  46    59   .602499214117E+01   .707281683591E+01
  46    60   .312042776418E+01   .366311084042E+01
  47    48   .138981858021E+01   .163152615351E+01
  47    49   .219820596587E+01   .258050264630E+01
  47    50   .218271042571E+01   .256231222966E+01
  47    51   .375072582356E+01   .440302595093E+01
  47    52   .307028054194E+01   .360424236235E+01
  47    53   .408166448469E+01   .479151916043E+01
  47    54   .407084324105E+01   .477881596143E+01
  47    55   .434538829802E+01   .510110798367E+01
  47    56   .517157435000E+01   .607097856293E+01
  47    57   .573323259404E+01   .673031649921E+01
  47    58   .629645386665E+01   .739148929512E+01
  47    59   .642256646698E+01   .753953452105E+01
  47    60   .294262816735E+01   .345438957532E+01
  48    49   .113125925171E+01   .132799998636E+01
  48    50   .113185316087E+01   .132869718407E+01
  48    51   .466160306003E+01   .547231661599E+01
  48    52   .383787933375E+01   .450533659297E+01
  48    53   .452728177657E+01   .531463510989E+01
  48    54   .412119810449E+01   .483792819220E+01
  48    55   .436412762495E+01   .512310632389E+01
  48    56   .575834534714E+01   .675979668753E+01
  48    57   .652952467888E+01   .766509416066E+01
  48    58   .667100927178E+01   .783118476912E+01
  48    59   .713104369231E+01   .837122517389E+01
  48    60   .389334826736E+01   .457045229740E+01
  49    50   .195395568723E+01   .229377405936E+01
  49    51   .497477893654E+01   .583995786100E+01
  49    52   .486978535471E+01   .571670452626E+01
  49    53   .558002814798E+01   .655046780231E+01
  49    54   .516838322881E+01   .606723246416E+01
  49    55   .543435839830E+01   .637946418374E+01
  49    56   .685229706082E+01   .804400086853E+01
  49    57   .757834084887E+01   .889631313839E+01
  49    58   .774654101852E+01   .909376551075E+01
  49    59   .810109886921E+01   .950998559484E+01
  49    60   .495195357273E+01   .581316286881E+01
  50    51   .538517197489E+01   .632172359994E+01
  50    52   .375233885425E+01   .440491950870E+01
  50    53   .411457172539E+01   .483014939938E+01
  50    54   .339874386751E+01   .398982974315E+01
  50    55   .356413118364E+01   .418398007008E+01
  50    56   .534205659728E+01   .627110989597E+01
  50    57   .630287737599E+01   .739902993649E+01
  50    58   .606865398381E+01   .712407204230E+01
  50    59   .690932312818E+01   .811094451258E+01
  50    60   .389432305960E+01   .457159661873E+01
  51    52   .395724876409E+01   .464546592373E+01
  51    53   .506788128297E+01   .594925191946E+01
  51    54   .591496127095E+01   .694365016264E+01
  51    55   .668964031616E+01   .785305599505E+01
  51    56   .599204540026E+01   .703414022716E+01
  51    57   .570477520680E+01   .669691000127E+01
  51    58   .717443619739E+01   .842216420141E+01
  51    59   .574350666477E+01   .674237736481E+01
  51    60   .418935898574E+01   .491794313948E+01
  52    53   .133646617815E+01   .156889507305E+01
  52    54   .228934805034E+01   .268749552768E+01
  52    55   .294507319137E+01   .345725982090E+01
  52    56   .227917276980E+01   .267555063318E+01
  52    57   .271460401942E+01   .318670905480E+01
  52    58   .350794215207E+01   .411801903325E+01
  52    59   .340732803380E+01   .399990680789E+01
  52    60   .901553531167E+00   .105834544582E+01
  52    61   .299783789898E+01   .351920099917E+01
  52    62   .425321274426E+01   .499290189920E+01
  52    63   .506544849463E+01   .594639603751E+01
  52    64   .516126355688E+01   .605887458844E+01
  52    65   .509435910050E+01   .598033457472E+01
  52    66   .523874369164E+01   .614982952892E+01
  52    67   .624125187233E+01   .732668695419E+01
  52    68   .665611939324E+01   .781370534655E+01
  52    69   .596771459191E+01   .700557797398E+01
  52    70   .295749151066E+01   .347183784784E+01
  52    71   .603158750982E+01   .708055922517E+01
  52    72   .508215312304E+01   .596600581861E+01
  52    73   .651114712707E+01   .764352051297E+01
  53    54   .141099749728E+01   .165638836041E+01
  53    55   .224828538056E+01   .263929152420E+01
  53    56   .143694399446E+01   .168684729178E+01
  53    57   .234266561142E+01   .275008570786E+01
  53    58   .232569449727E+01   .273016309566E+01
  53    59   .292581885914E+01   .343465690923E+01
  53    60   .194594854658E+01   .228437437254E+01
  53    61   .222522232095E+01   .261221749780E+01
  53    62   .350457623477E+01   .411406773906E+01
  53    63   .405580005207E+01   .476115656572E+01
  53    64   .397289897427E+01   .466383790953E+01
  53    65   .443968294884E+01   .521180170379E+01
  53    66   .492591584629E+01   .578259684222E+01
  53    67   .599730282542E+01   .704031198711E+01
  53    68   .667960500346E+01   .784127541062E+01
  53    69   .620083147488E+01   .727923692257E+01
  53    70   .231118466557E+01   .271312981503E+01
  53    71   .621588406595E+01   .729690735551E+01
  53    72   .536816784581E+01   .630176223110E+01
  53    73   .689052677166E+01   .808887922457E+01
  54    55   .113422979197E+01   .133148714231E+01
  54    56   .233420989193E+01   .274015942849E+01
  54    57   .358213044189E+01   .420510963403E+01
  54    58   .270247491067E+01   .317247053589E+01
  54    59   .418840274274E+01   .491682059335E+01
  54    60   .270865968680E+01   .317973092524E+01
  54    61   .122534537410E+01   .143844891225E+01
  54    62   .225517054126E+01   .264737410413E+01
  54    63   .281072196681E+01   .329954316655E+01
  54    64   .300549342743E+01   .352818792385E+01
  54    65   .341737848940E+01   .401170516877E+01
  54    66   .403516269344E+01   .473693010133E+01
  54    67   .494174350663E+01   .580117713908E+01
  54    68   .576195890949E+01   .676403869549E+01
  54    69   .535794881719E+01   .628976598015E+01
  54    70   .183819177507E+01   .215787729340E+01
  54    71   .524418957519E+01   .615622252263E+01
  54    72   .464631525774E+01   .545437006554E+01
  54    73   .614983805665E+01   .721937508400E+01
  55    56   .268554067600E+01   .315259121700E+01
  55    57   .405426297656E+01   .475935217274E+01
  55    58   .296345838812E+01   .347884244310E+01
  55    59   .490552843709E+01   .575866379673E+01
  55    60   .304334637832E+01   .357262399647E+01
  55    61   .205700932124E+01   .241475006406E+01
  55    62   .254728646203E+01   .299029279249E+01
  55    63   .279514275785E+01   .328125453002E+01
  55    64   .318121207909E+01   .373446634027E+01
  55    65   .391067847580E+01   .459079645506E+01
  55    66   .456828935225E+01   .536277443769E+01
  55    67   .521374691216E+01   .612048548355E+01
  55    68   .604973323880E+01   .710186073303E+01
  55    69   .556683258657E+01   .653497736071E+01
  55    70   .285182757452E+01   .334779757543E+01
  55    71   .525677479040E+01   .617099647087E+01
  55    72   .497774560269E+01   .584344046908E+01
  55    73   .636691536435E+01   .747420496603E+01
  56    57   .140603061805E+01   .165055767611E+01
  56    58   .141006980981E+01   .165529933599E+01
  56    59   .240968654795E+01   .282876245915E+01
  56    60   .247853361968E+01   .290958293437E+01
  56    61   .335334334212E+01   .393653347440E+01
  56    62   .447355144799E+01   .525156037656E+01
  56    63   .463582669654E+01   .544205740678E+01
  56    64   .435552584014E+01   .511300857655E+01
  56    65   .554384481943E+01   .650799172112E+01
  56    66   .621366264457E+01   .729429959998E+01
  56    67   .723672574506E+01   .849528671362E+01
  56    68   .800127540009E+01   .939280152282E+01
  56    69   .751128799715E+01   .881759892144E+01
  56    70   .357793760999E+01   .420018761400E+01
  56    71   .743083272460E+01   .872315142792E+01
  56    72   .671503778796E+01   .788287041836E+01
  56    73   .821582877650E+01   .964466852900E+01
  57    58   .228560312975E+01   .268309931657E+01
  57    59   .141986912011E+01   .166680287413E+01
  57    60   .288906266246E+01   .339150833069E+01
  57    61   .447185976660E+01   .524957448972E+01
  57    62   .569685254910E+01   .668760949009E+01
  57    63   .592586805811E+01   .695645378231E+01
  57    64   .553577456123E+01   .649851793979E+01
  57    65   .662707286680E+01   .777960725042E+01
  57    66   .720505177576E+01   .845810422806E+01
  57    67   .832610416360E+01   .977412224383E+01
  57    68   .900219005122E+01   .105677882830E+02
  57    69   .848270903906E+01   .995796274914E+01
  57    70   .447637201737E+01   .525487147974E+01
  57    71   .849604704708E+01   .997362041067E+01
  57    72   .762135486717E+01   .894680785535E+01
  57    73   .911514097189E+01   .107003828415E+02
  58    59   .277455543155E+01   .325708679922E+01
  58    60   .381793704787E+01   .448192608354E+01
  58    61   .349265662913E+01   .410007515857E+01
  58    62   .437408773876E+01   .513479863137E+01
  58    63   .413213092503E+01   .485076237279E+01
  58    64   .357383305375E+01   .419536922191E+01
  58    65   .541235688286E+01   .635363631788E+01
  58    66   .635316597700E+01   .745806438094E+01
  58    67   .737502816658E+01   .865764172960E+01
  58    68   .833669747110E+01   .978655786563E+01
  58    69   .803894680206E+01   .943702447280E+01
  58    70   .378677923916E+01   .444534952562E+01
  58    71   .793081341763E+01   .931008528284E+01
  58    72   .730962118141E+01   .858085961686E+01
  58    73   .883526823956E+01   .103718365917E+02
  59    60   .385757843817E+01   .452846162851E+01
  59    61   .477273062443E+01   .560277071286E+01
  59    62   .601597343198E+01   .706222965560E+01
  59    63   .624900315236E+01   .733578628289E+01
  59    64   .568452933095E+01   .667314310362E+01
  59    65   .670544940791E+01   .787161449399E+01
  59    66   .730008273788E+01   .856966231363E+01
  59    67   .855299153286E+01   .100404682850E+02
  59    68   .925716953209E+01   .108671120203E+02
  59    69   .888690886965E+01   .104324582007E+02
  59    70   .454759462736E+01   .533848063029E+01
  59    71   .902797487741E+01   .105980574266E+02
  59    72   .799693902054E+01   .938771099032E+01
  59    73   .952199477406E+01   .111779938250E+02
  60    61   .359380852587E+01   .421881868910E+01
  60    62   .474459887024E+01   .556974647980E+01
  60    63   .550115976231E+01   .645788317599E+01
  60    64   .567481670432E+01   .666174132457E+01
  60    65   .570597329235E+01   .669831644951E+01
  60    66   .582308701242E+01   .683579777258E+01
  60    67   .669738858660E+01   .786215179076E+01
  60    68   .704943288190E+01   .827542117940E+01
  60    69   .623325475525E+01   .731729903417E+01
  60    70   .370579815001E+01   .435028476913E+01
  60    71   .619814393280E+01   .727608198188E+01
  60    72   .539123933798E+01   .632884615659E+01
  60    73   .672970103217E+01   .790008379194E+01
  61    62   .134720862373E+01   .158150576999E+01
  61    63   .229459085182E+01   .269365012070E+01
  61    64   .258551003626E+01   .303516394468E+01
  61    65   .224718526989E+01   .263800008995E+01
  61    66   .290893598735E+01   .341483788590E+01
  61    67   .394026388227E+01   .462552714950E+01
  61    68   .485531881471E+01   .569972206631E+01
  61    69   .467364682381E+01   .548645494733E+01
  61    70   .901569960436E+00   .105836473235E+01
  61    71   .468338676606E+01   .549788879254E+01
  61    72   .399005973563E+01   .468398315105E+01
  61    73   .551835334845E+01   .647806695095E+01
  61    74   .337976835910E+01   .396755414641E+01
  61    75   .452795897204E+01   .531543007848E+01
  61    76   .505134770690E+01   .592984293893E+01
  61    77   .573785960748E+01   .673574821063E+01
  61    78   .551830004896E+01   .647800438199E+01
  61    79   .516698579737E+01   .606559200116E+01
  61    80   .392974487345E+01   .461317874788E+01
  62    63   .141523962402E+01   .166136824830E+01
  62    64   .218793409320E+01   .256844436104E+01
  62    65   .140693149105E+01   .165161522267E+01
  62    66   .237018481124E+01   .278239085536E+01
  62    67   .308867362839E+01   .362583424636E+01
  62    68   .424008049389E+01   .497748577926E+01
  62    69   .428566169372E+01   .503099414408E+01
  62    70   .194874807781E+01   .228766077876E+01
  62    71   .417234566378E+01   .489797097898E+01
  62    72   .384178969395E+01   .450992701580E+01
  62    73   .521891577386E+01   .612655327770E+01
  62    74   .233876613018E+01   .274550805598E+01
  62    75   .361719584314E+01   .424627336580E+01
  62    76   .422619492677E+01   .496118533096E+01
  62    77   .509660811821E+01   .598297472593E+01
  62    78   .443811548112E+01   .520996163300E+01
  62    79   .409570950723E+01   .480800679553E+01
  62    80   .277111667099E+01   .325304999337E+01
  63    64   .113572686726E+01   .133324457851E+01
  63    65   .229756660520E+01   .269714339639E+01
  63    66   .355867131852E+01   .417757066322E+01
  63    67   .409324129945E+01   .480510933423E+01
  63    68   .537899611917E+01   .631447368239E+01
  63    69   .553199298255E+01   .649407869527E+01
  63    70   .295594568887E+01   .347002318749E+01
  63    71   .530019450726E+01   .622196744265E+01
  63    72   .518854113129E+01   .609089608872E+01
  63    73   .648260243052E+01   .761001152148E+01
  63    74   .123954902104E+01   .145512275860E+01
  63    75   .230620237756E+01   .270728104218E+01
  63    76   .285151414480E+01   .334742963620E+01
  63    77   .369509774684E+01   .433772342633E+01
  63    78   .334452724221E+01   .392618413977E+01
  63    79   .334005389300E+01   .392093281680E+01
  63    80   .228026728456E+01   .267683549832E+01
  64    65   .284901066470E+01   .334449076826E+01
  64    66   .420526304870E+01   .493661312636E+01
  64    67   .495348591174E+01   .581496170154E+01
  64    68   .624907331279E+01   .733586864513E+01
  64    69   .644698526705E+01   .756820006886E+01
  64    70   .307048453477E+01   .360448183219E+01
  64    71   .630605563865E+01   .740276094047E+01
  64    72   .601537264667E+01   .706152438589E+01
  64    73   .738774603284E+01   .867257139864E+01
  64    74   .204633005165E+01   .240221353024E+01
  64    75   .257630769377E+01   .302436119485E+01
  64    76   .261633524018E+01   .307135005350E+01
  64    77   .320626705862E+01   .376387870744E+01
  64    78   .385703809764E+01   .452782731571E+01
  64    79   .415652304908E+01   .487939660527E+01
  64    80   .329925058944E+01   .387303328671E+01
  65    66   .140076156130E+01   .164437226170E+01
  65    67   .230940543758E+01   .271104115610E+01
  65    68   .355476726703E+01   .417298764627E+01
  65    69   .399126729883E+01   .468540072524E+01
  65    70   .231081640291E+01   .271269750670E+01
  65    71   .411451134968E+01   .483007852354E+01
  65    72   .363860919543E+01   .427141077926E+01
  65    73   .490110639988E+01   .575347270959E+01
  65    74   .312383938018E+01   .366711578092E+01
  65    75   .431870716049E+01   .506978664842E+01
  65    76   .464494307296E+01   .545275923994E+01
  65    77   .558972195601E+01   .656184748995E+01
  65    78   .501421515008E+01   .588625254630E+01
  65    79   .482566810870E+01   .566491471591E+01
  65    80   .347041475844E+01   .407396513655E+01
  66    67   .140401796786E+01   .164819499981E+01
  66    68   .232125626887E+01   .272495300147E+01
  66    69   .281687715296E+01   .330676881983E+01
  66    70   .277227143828E+01   .325440558974E+01
  66    71   .317809842681E+01   .373081118326E+01
  66    72   .248776812458E+01   .292042344008E+01
  66    73   .365698947628E+01   .429298763061E+01
  66    74   .425820984622E+01   .499876806236E+01
  66    75   .552949376002E+01   .649114482535E+01
  66    76   .597333733997E+01   .701217859125E+01
  66    77   .695585213639E+01   .816556552202E+01
  66    78   .604704089906E+01   .709870016031E+01
  66    79   .563877195017E+01   .661942791768E+01
  66    80   .425375698130E+01   .499354078616E+01
  67    68   .140248983784E+01   .164640110806E+01
  67    69   .223109788260E+01   .261911489624E+01
  67    70   .401388673186E+01   .471195397262E+01
  67    71   .241852742476E+01   .283914087972E+01
  67    72   .241873389531E+01   .283938325819E+01
  67    73   .306982219782E+01   .360370430621E+01
  67    74   .441690007936E+01   .518505659624E+01
  67    75   .565584478100E+01   .663946993641E+01
  67    76   .624714584940E+01   .733360597073E+01
  67    77   .732331819167E+01   .859693871580E+01
  67    78   .584691306357E+01   .686376748470E+01
  67    79   .529367161612E+01   .621431013569E+01
  67    80   .401107888670E+01   .470865780657E+01
  68    69   .132739422646E+01   .155824539067E+01
  68    70   .483030298655E+01   .567035565946E+01
  68    71   .187752932273E+01   .220405615353E+01
  68    72   .187735034453E+01   .220384604869E+01
  68    73   .187727505137E+01   .220375766107E+01
  68    74   .570278258762E+01   .669457083963E+01
  68    75   .696672095573E+01   .817832457077E+01
  68    76   .762901207763E+01   .895579675455E+01
  68    77   .870526077717E+01   .102192191364E+02
  68    78   .708268763766E+01   .831445937080E+01
  68    79   .638236651984E+01   .749234327893E+01
  68    80   .515622419972E+01   .605295882136E+01
  69    70   .471572554164E+01   .553585170287E+01
  69    71   .957080383855E+00   .112352914222E+01
  69    72   .956634564480E+00   .112300578904E+01
  69    73   .956809732579E+00   .112321142116E+01
  69    74   .587223497483E+01   .689349320651E+01
  69    75   .718941322686E+01   .843974593159E+01
  69    76   .801785707333E+01   .941226696525E+01
  69    77   .905538920424E+01   .106302394624E+02
  69    78   .734485336110E+01   .862221913200E+01
  69    79   .646025429337E+01   .758377675188E+01
  69    80   .525514735856E+01   .616908600741E+01
  70    71   .490397533100E+01   .575684058524E+01
  70    72   .395243168674E+01   .463981109382E+01
  70    73   .550292761974E+01   .645995848688E+01
  70    74   .411352597913E+01   .482892178421E+01
  70    75   .524333538913E+01   .615521978247E+01
  70    76   .561059638291E+01   .658635225189E+01
  70    77   .627669197189E+01   .736829054917E+01
  70    78   .625711406003E+01   .734530778316E+01
  70    79   .597050578864E+01   .700885459622E+01
  70    80   .468922565947E+01   .550474314566E+01
  71    72   .156277267441E+01   .183455921988E+01
  71    73   .156219901315E+01   .183388579144E+01
  71    74   .546922088238E+01   .642038970838E+01
  71    75   .675007242683E+01   .792399803776E+01
  71    76   .770148261509E+01   .904087086344E+01
  71    77   .874140382425E+01   .102616479307E+02
  71    78   .679387510902E+01   .797541857754E+01
  71    79   .579782030321E+01   .680613685318E+01
  71    80   .469152347904E+01   .550744058600E+01
  72    73   .156235666910E+01   .183407086582E+01
  72    74   .570111374536E+01   .669261176394E+01
  72    75   .705052816254E+01   .827670694363E+01
  72    76   .784110156377E+01   .920477136782E+01
  72    77   .882488401712E+01   .103596464176E+02
  72    78   .738089741464E+01   .866453171643E+01
  72    79   .654322331161E+01   .768117516425E+01
  72    80   .526439218909E+01   .617993863451E+01
  73    74   .681697665197E+01   .800253778003E+01
  73    75   .812930982345E+01   .954310280188E+01
  73    76   .897076580218E+01   .105308989473E+02
  73    77   .100110145041E+02   .117520604625E+02
  73    78   .824339227940E+01   .967702568447E+01
  73    79   .731543634614E+01   .858768611456E+01
  73    80   .615528825269E+01   .722577314019E+01
  74    75   .135478301877E+01   .159039745109E+01
  74    76   .236539890643E+01   .277677261930E+01
  74    77   .332219885902E+01   .389997255960E+01
  74    78   .214512456932E+01   .251818970274E+01
  74    79   .214525733773E+01   .251834556132E+01
  74    80   .134141079726E+01   .157469962589E+01
  74    81   .266426043960E+01   .312761007001E+01
  74    82   .395771875060E+01   .464601764703E+01
  74    83   .453383244330E+01   .532232502298E+01
  74    84   .560495268438E+01   .657972704059E+01
  74    85   .457182400077E+01   .536692380768E+01
  74    86   .413025452880E+01   .484855964680E+01
  74    87   .233766388423E+01   .274421411509E+01
  74    88   .395839192644E+01   .464680789692E+01
  75    76   .140766674625E+01   .165247834835E+01
  75    77   .223444383707E+01   .262304275581E+01
  75    78   .138930387961E+01   .163092193976E+01
  75    79   .215028544160E+01   .252424811801E+01
  75    80   .221487454414E+01   .260007010767E+01
  75    81   .221942082570E+01   .260540704688E+01
  75    82   .351336497483E+01   .412438495561E+01
  75    83   .414990881670E+01   .487163207164E+01
  75    84   .509790081883E+01   .598449224404E+01
  75    85   .444286823410E+01   .521554095169E+01
  75    86   .439184354637E+01   .515564240544E+01
  75    87   .228859260358E+01   .268660869888E+01
  75    88   .436031960227E+01   .511863603641E+01
  76    77   .113189391525E+01   .132874502616E+01
  76    78   .233196482108E+01   .273752391054E+01
  76    79   .344097736041E+01   .403940819115E+01
  76    80   .341986968954E+01   .401462962110E+01
  76    81   .122653736390E+01   .143984820462E+01
  76    82   .227624213285E+01   .267211032024E+01
  76    83   .287980839422E+01   .338064462453E+01
  76    84   .375345129357E+01   .440622541572E+01
  76    85   .344199002016E+01   .404059696564E+01
  76    86   .374469814774E+01   .439594998370E+01
  76    87   .183062454791E+01   .214899402677E+01
  76    88   .375490311444E+01   .440792972717E+01
  77    78   .311316758676E+01   .365458802348E+01
  77    79   .427077299201E+01   .501351610301E+01
  77    80   .441072919219E+01   .517781251132E+01
  77    81   .206615062040E+01   .242548115435E+01
  77    82   .259277905895E+01   .304369714520E+01
  77    83   .281389185840E+01   .330326434363E+01
  77    84   .341552091567E+01   .400952453874E+01
  77    85   .396438078155E+01   .465383829202E+01
  77    86   .452491093459E+01   .531185194758E+01
  77    87   .285454800928E+01   .335099112927E+01
  77    88   .449876445032E+01   .528115824876E+01
  78    79   .138641802508E+01   .162753419750E+01
  78    80   .216360412400E+01   .253988309295E+01
  78    81   .291465961255E+01   .342155692416E+01
  78    82   .417835692940E+01   .490502768208E+01
  78    83   .511245755894E+01   .600158059107E+01
  78    84   .601479185394E+01   .706084258573E+01
  78    85   .493807530623E+01   .579687099080E+01
  78    86   .488044149984E+01   .572921391398E+01
  78    87   .279201827299E+01   .327758665649E+01
  78    88   .506371720084E+01   .594436364915E+01
  79    80   .139954318019E+01   .164294198822E+01
  79    81   .394561701919E+01   .463181126672E+01
  79    82   .527731359806E+01   .619510724499E+01
  79    83   .614647932030E+01   .721543221960E+01
  79    84   .713082090338E+01   .837096363905E+01
  79    85   .588750268732E+01   .691141617328E+01
  79    86   .555507961865E+01   .652118039842E+01
  79    87   .360983487637E+01   .423763223092E+01
  79    88   .565070996171E+01   .663344210508E+01
  80    81   .364013507138E+01   .427320202494E+01
  80    82   .495636516696E+01   .581834169680E+01
  80    83   .572556123120E+01   .672131098635E+01
  80    84   .680243472229E+01   .798546681917E+01
  80    85   .538059497920E+01   .631635060502E+01
  80    86   .479274131174E+01   .562626151962E+01
  80    87   .311454637970E+01   .365620660649E+01
  80    88   .475231653489E+01   .557880634697E+01
  81    82   .134949261898E+01   .158418698180E+01
  81    83   .232887838074E+01   .273390069799E+01
  81    84   .332021538405E+01   .389764413246E+01
  81    85   .226331705828E+01   .265693740668E+01
  81    86   .254396769562E+01   .298639684933E+01
  81    87   .900554538466E+00   .105717271526E+01
  81    88   .265798604666E+01   .312024447833E+01
  81    89   .261382168561E+01   .306839935902E+01
  81    90   .391721751089E+01   .459847271363E+01
  81    91   .450607492016E+01   .528974010463E+01
  81    92   .563277625135E+01   .661238948865E+01
  81    93   .459690758547E+01   .539636975482E+01
  81    94   .478414791470E+01   .561617361879E+01
  81    95   .567404964761E+01   .666084086670E+01
  81    96   .646828454534E+01   .759320356937E+01
  81    97   .593343964089E+01   .696534216206E+01
  81    98   .226940206733E+01   .266408067815E+01
  81    99   .667813654264E+01   .783955156532E+01
  81   100   .554966291413E+01   .651482165836E+01
  82    83   .140902257800E+01   .165406997692E+01
  82    84   .222681073504E+01   .261408215781E+01
  82    85   .141629958970E+01   .166261255584E+01
  82    86   .232492537691E+01   .272926021525E+01
  82    87   .194192736513E+01   .227965385521E+01
  82    88   .250558077747E+01   .294133394557E+01
  82    89   .224468877210E+01   .263506941863E+01
  82    90   .352755234898E+01   .414103969911E+01
  82    91   .427703884657E+01   .502087167139E+01
  82    92   .538457272206E+01   .632102012923E+01
  82    93   .443617637897E+01   .520768529569E+01
  82    94   .456620710273E+01   .536033005783E+01
  82    95   .568738212011E+01   .667649203001E+01
  82    96   .642347143893E+01   .754059687943E+01
  82    97   .617954105335E+01   .725424381913E+01
  82    98   .233024032518E+01   .273549950233E+01
  82    99   .698596983957E+01   .820092108649E+01
  82   100   .588180918181E+01   .690473249293E+01
  83    84   .112774326730E+01   .132387252641E+01
  83    85   .229356000446E+01   .269243999554E+01
  83    86   .308749259229E+01   .362444781269E+01
  83    87   .298479010683E+01   .350388402584E+01
  83    88   .289939427341E+01   .340363674349E+01
  83    89   .122443601753E+01   .143738140671E+01
  83    90   .226823682238E+01   .266271278191E+01
  83    91   .306067519237E+01   .359296651725E+01
  83    92   .411520433148E+01   .483089202391E+01
  83    93   .337898466850E+01   .396663416179E+01
  83    94   .372752950567E+01   .437579549090E+01
  83    95   .500214297353E+01   .587208086084E+01
  83    96   .581338158983E+01   .682440445045E+01
  83    97   .553986218985E+01   .650331646033E+01
  83    98   .183009576761E+01   .214837328468E+01
  83    99   .640869980571E+01   .752325626658E+01
  83   100   .521627555715E+01   .612345389288E+01
  84    85   .296452924056E+01   .348009953075E+01
  84    86   .395909694897E+01   .464763553206E+01
  84    87   .402817081374E+01   .472872224259E+01
  84    88   .383319488442E+01   .449983745681E+01
  84    89   .204596107066E+01   .240178037866E+01
  84    90   .255584329375E+01   .300033776882E+01
  84    91   .314173925589E+01   .368812867842E+01
  84    92   .405453394825E+01   .475967026994E+01
  84    93   .384423979562E+01   .451280322210E+01
  84    94   .428972847303E+01   .503576818935E+01
  84    95   .565335165277E+01   .663654322067E+01
  84    96   .643322301240E+01   .755204437868E+01
  84    97   .626254786492E+01   .735168659758E+01
  84    98   .283995357725E+01   .333385853521E+01
  84    99   .714939530883E+01   .839276837581E+01
  84   100   .594912187550E+01   .698375174176E+01
  85    86   .131839595462E+01   .154768220203E+01
  85    87   .231503262250E+01   .271764698185E+01
  85    88   .181533345697E+01   .213104361573E+01
  85    89   .298611352300E+01   .350543760134E+01
  85    90   .420741268373E+01   .493913661095E+01
  85    91   .524747903861E+01   .616008406663E+01
  85    92   .629321272092E+01   .738768447188E+01
  85    93   .488314716386E+01   .573239012824E+01
  85    94   .459868145996E+01   .539845212922E+01
  85    95   .564934336921E+01   .663183784434E+01
  85    96   .616776262480E+01   .724041696827E+01
  85    97   .632665245099E+01   .742693980704E+01
  85    98   .296632811574E+01   .348221125376E+01
  85    99   .706545500443E+01   .829422975796E+01
  85   100   .622553750202E+01   .730823964998E+01
  86    87   .214523544039E+01   .251831985574E+01
  86    88   .883110872219E+00   .103669536800E+01
  86    89   .331770190939E+01   .389469353179E+01
  86    90   .450586153419E+01   .528948960806E+01
  86    91   .566041550515E+01   .664483556909E+01
  86    92   .667176440305E+01   .783207122757E+01
  86    93   .481513209345E+01   .565254635022E+01
  86    94   .426242315481E+01   .500371412024E+01
  86    95   .505015462796E+01   .592844236801E+01
  86    96   .545050124685E+01   .639841448414E+01
  86    97   .569597300174E+01   .668657697797E+01
  86    98   .297020315734E+01   .348676021564E+01
  86    99   .633232479210E+01   .743359864223E+01
  86   100   .570361196563E+01   .669554445729E+01
  87    88   .232396899054E+01   .272813750082E+01
  87    89   .312149764175E+01   .366436678365E+01
  87    90   .442593527808E+01   .519566313383E+01
  87    91   .514348510927E+01   .603800423697E+01
  87    92   .624610130149E+01   .733237976231E+01
  87    93   .488752613743E+01   .573753066242E+01
  87    94   .486151696809E+01   .570699815940E+01
  87    95   .559390452561E+01   .656675746295E+01
  87    96   .629445377738E+01   .738914136425E+01
  87    97   .584366685703E+01   .685995672052E+01
  87    98   .258195750893E+01   .303099358653E+01
  87    99   .651331939362E+01   .764607056499E+01
  87   100   .554283692788E+01   .650680854409E+01
  88    89   .281929223382E+01   .330960391475E+01
  88    90   .389576865902E+01   .457329362674E+01
  88    91   .511367127430E+01   .600300538736E+01
  88    92   .607035006035E+01   .712606308868E+01
  88    93   .403454449484E+01   .473620438994E+01
  88    94   .341223858282E+01   .400567136541E+01
  88    95   .416841817945E+01   .489336045391E+01
  88    96   .459958240198E+01   .539950975681E+01
  88    97   .482481052437E+01   .566390798649E+01
  88    98   .239226289790E+01   .280830860916E+01
  88    99   .547126762449E+01   .642279240563E+01
  88   100   .485853699483E+01   .570349992993E+01
  89    90   .134570498187E+01   .157974062521E+01
  89    91   .234481470905E+01   .275260856158E+01
  89    92   .338112780280E+01   .396915001508E+01
  89    93   .223961241189E+01   .262911021319E+01
  89    94   .272849123644E+01   .320301143995E+01
  89    95   .393503542482E+01   .461938939512E+01
  89    96   .484559337164E+01   .568830524188E+01
  89    97   .437082909195E+01   .513097326339E+01
  89    98   .900843030919E+00   .105751138032E+01
  89    99   .525055341708E+01   .616369311960E+01
  89   100   .400517179916E+01   .470172339948E+01
  90    91   .141629958970E+01   .166261255584E+01
  90    92   .221259177975E+01   .259739034080E+01
  90    93   .139729708094E+01   .164030526302E+01
  90    94   .238536343657E+01   .280020924155E+01
  90    95   .360237510796E+01   .422887511151E+01
  90    96   .456711843537E+01   .536139988309E+01
  90    97   .400458680395E+01   .470103666597E+01
  90    98   .194008042025E+01   .227748570253E+01
  90    99   .490306023498E+01   .575576634209E+01
  90   100   .360947764280E+01   .423721286977E+01
  91    92   .113481655267E+01   .133217594834E+01
  91    93   .226768859396E+01   .266206920942E+01
  91    94   .357575561694E+01   .419762614391E+01
  91    95   .458129120733E+01   .537803748490E+01
  91    96   .562163936528E+01   .659931575288E+01
  91    97   .469165806333E+01   .550759857625E+01
  91    98   .286828838912E+01   .336712114033E+01
  91    99   .555361832177E+01   .651946496296E+01
  91   100   .409221636998E+01   .480390615616E+01
  92    93   .263833304279E+01   .309717356082E+01
  92    94   .398448432068E+01   .467743809874E+01
  92    95   .483534794393E+01   .567627800071E+01
  92    96   .583421560928E+01   .684886177754E+01
  92    97   .487086005509E+01   .571796613104E+01
  92    98   .387931154687E+01   .455397440820E+01
  92    99   .566962509605E+01   .665564682793E+01
  92   100   .428733879579E+01   .503296291607E+01
  93    94   .139895249884E+01   .164224857968E+01
  93    95   .233006796886E+01   .273529717099E+01
  93    96   .335435735135E+01   .393772383306E+01
  93    97   .266739860637E+01   .313129400490E+01
  93    98   .233725253553E+01   .274373122748E+01
  93    99   .355462702172E+01   .417282301047E+01
  93   100   .235745741493E+01   .276744999887E+01
  94    95   .140045306141E+01   .164401010966E+01
  94    96   .221256882737E+01   .259736339669E+01
  94    97   .230067021882E+01   .270078676890E+01
  94    98   .263142919094E+01   .308906903911E+01
  94    99   .310083253965E+01   .364010775084E+01
  94   100   .246528467866E+01   .289402982975E+01
  95    96   .111898969006E+01   .131359658795E+01
  95    97   .120576942508E+01   .141546845043E+01
  95    98   .361765830156E+01   .424681625177E+01
  95    99   .180790885520E+01   .212232777890E+01
  95   100   .183149380175E+01   .215001445518E+01
  96    97   .194759654558E+01   .228630898006E+01
  96    98   .453387155371E+01   .532237093519E+01
  96    99   .208496988316E+01   .244757333230E+01
  96   100   .277485193197E+01   .325743486493E+01
  97    98   .393746093043E+01   .462223672778E+01
  97    99   .900590252641E+00   .105721464060E+01
  97   100   .901793368772E+00   .105862699431E+01
  98    99   .477468514085E+01   .560506514517E+01
  98   100   .356763023665E+01   .418808765404E+01
  99   100   .158004851169E+01   .185483955053E+01
