   1     2   .122898918989E+01   .169717553548E+01
   1     3   .209101783150E+01   .288759603182E+01
   1     4   .252052929515E+01   .348073090584E+01
   1     5   .204921956358E+01   .282987461465E+01
   1     6   .320932716931E+01   .443192796319E+01
   1     7   .377236641481E+01   .520945834411E+01
   1     8   .451441244982E+01   .623418857542E+01
   1     9   .874070357869E+00   .120704953296E+01
   1    10   .873608080605E+00   .120641115008E+01
   1    11   .873251414939E+00   .120591861178E+01
   1    12   .290860648119E+01   .401664701597E+01
   1    13   .396206391176E+01   .547142155227E+01
   1    14   .408234367131E+01   .563752217138E+01
   1    15   .390843886815E+01   .539736792116E+01
   1    16   .489977452767E+01   .676635525045E+01
   1    17   .523517856962E+01   .722953225735E+01
   1    18   .599565476889E+01   .827971366769E+01
   1    19   .625407672971E+01   .863658208715E+01
   1    20   .304080233339E+01   .419920319147E+01
   2     3   .129185419108E+01   .178398910792E+01
   2     4   .197017322676E+01   .272071538841E+01
   2     5   .128450860381E+01   .177384520176E+01
   2     6   .215831376766E+01   .298052851441E+01
   2     7   .276649891689E+01   .382040323814E+01
   2     8   .335616805919E+01   .463470823819E+01
   2     9   .172944903731E+01   .238828674828E+01
   2    10   .172929582983E+01   .238807517604E+01
   2    11   .172884428861E+01   .238745161912E+01
   2    12   .214444712893E+01   .296137934678E+01
   2    13   .328934648867E+01   .454243083196E+01
   2    14   .376396812514E+01   .519786070608E+01
   2    15   .385922988945E+01   .532941266536E+01
   2    16   .420873986048E+01   .581206928848E+01
   2    17   .433763134886E+01   .599006229493E+01
   2    18   .533306429969E+01   .736470778836E+01
   2    19   .541468823879E+01   .747742656058E+01
   2    20   .228265360446E+01   .315223590683E+01
   3     4   .102701946982E+01   .141826497172E+01
   3     5   .211448357489E+01   .292000110579E+01
   3     6   .262573010485E+01   .362600821341E+01
   3     7   .342397303947E+01   .472834368647E+01
   3     8   .351165103383E+01   .484942282065E+01
   3     9   .226927738328E+01   .313376398247E+01
   3    10   .226933692674E+01   .313384620916E+01
   3    11   .284688852501E+01   .393141745805E+01
   3    12   .112819380730E+01   .155798191294E+01
   3    13   .207536157656E+01   .286597548945E+01
   3    14   .257324304650E+01   .355352608575E+01
   3    15   .288358910339E+01   .398209920879E+01
   3    16   .315603338740E+01   .435833178871E+01
   3    17   .348638143494E+01   .481452670815E+01
   3    18   .416922533802E+01   .575750161501E+01
   3    19   .467854416732E+01   .646084665983E+01
   3    20   .168519765683E+01   .232717769949E+01
   3    21   .322248679259E+01   .445010077615E+01
   3    22   .413825667143E+01   .571473536145E+01
   3    30   .335393709419E+01   .463162738179E+01
   4     5   .304025709707E+01   .419845024609E+01
   4     6   .348330024168E+01   .481027172702E+01
   4     7   .399655662149E+01   .551905434155E+01
   4     8   .383702172699E+01   .529874425075E+01
   4     9   .232164148298E+01   .320607631011E+01
   4    10   .281077820941E+01   .388155083212E+01
   4    11   .329997740597E+01   .455711162241E+01
   4    12   .186192760652E+01   .257123334251E+01
   4    13   .230648414876E+01   .318514475348E+01
   4    14   .249140446753E+01   .344051090610E+01
   4    15   .296776899044E+01   .409834762338E+01
   4    16   .357602800371E+01   .493832434982E+01
   4    17   .406223836717E+01   .560975770396E+01
   4    18   .435375502515E+01   .601232832393E+01
   4    19   .531980544120E+01   .734639793630E+01
   4    20   .259311429653E+01   .358096733559E+01
   4    21   .278323122294E+01   .384350975585E+01
   4    22   .360527933035E+01   .497871903870E+01
   4    25   .400577066471E+01   .553177849637E+01
   4    30   .281925125558E+01   .389325170532E+01
   5     6   .128604439476E+01   .177596605591E+01
   5     7   .234038503060E+01   .323196025662E+01
   5     8   .326767839858E+01   .451250823158E+01
   5     9   .281484853480E+01   .388717175762E+01
   5    10   .223710184967E+01   .308933110306E+01
   5    11   .220214536153E+01   .304105785788E+01
   5    12   .241403111331E+01   .333366198915E+01
   5    13   .364276207219E+01   .503048091991E+01
   5    14   .435411099076E+01   .601281989548E+01
   5    15   .437763727177E+01   .604530856902E+01
   5    16   .420941661370E+01   .581300385244E+01
   5    17   .404876411666E+01   .559115040578E+01
   5    18   .545028731662E+01   .752658719152E+01
   5    19   .491946072017E+01   .679354094465E+01
   5    20   .209534965993E+01   .289357808057E+01
   6     7   .152111105568E+01   .210058191861E+01
   6     8   .230705981867E+01   .318593972621E+01
   6     9   .386488209838E+01   .533721809668E+01
   6    10   .347801501903E+01   .480297308626E+01
   6    11   .335338880009E+01   .463087021375E+01
   6    12   .271677493813E+01   .375173679178E+01
   6    13   .379460729892E+01   .524017194576E+01
   6    14   .479060618480E+01   .661559896854E+01
   6    15   .503222493420E+01   .694926295337E+01
   6    16   .419669491343E+01   .579543579028E+01
   6    17   .367480839465E+01   .507473536488E+01
   6    18   .538350353331E+01   .743436196762E+01
   6    19   .449583359275E+01   .620853205870E+01
   6    20   .236133712652E+01   .326089410316E+01
   7     8   .148834679496E+01   .205533603509E+01
   7     9   .426700663189E+01   .589253292460E+01
   7    10   .431825480920E+01   .596330421655E+01
   7    11   .372597196745E+01   .514538982204E+01
   7    12   .385098530705E+01   .531802728974E+01
   7    13   .485954660102E+01   .671080239977E+01
   7    14   .582388849488E+01   .804251262437E+01
   7    15   .617805926331E+01   .853160558671E+01
   7    16   .543427535484E+01   .750447543494E+01
   7    17   .487748835703E+01   .673557911027E+01
   7    18   .652292785212E+01   .900785268204E+01
   7    19   .575315284972E+01   .794483006748E+01
   7    20   .371381528876E+01   .512860202779E+01
   8     9   .482827990557E+01   .666762458255E+01
   8    10   .506649078248E+01   .699658245778E+01
   8    11   .469135189081E+01   .647853351594E+01
   8    12   .385089882348E+01   .531790786005E+01
   8    13   .455879587200E+01   .629547996750E+01
   8    14   .560496106437E+01   .774018427017E+01
   8    15   .618944163037E+01   .854732409349E+01
   8    16   .515390392885E+01   .711729584950E+01
   8    17   .454368930203E+01   .627461851389E+01
   8    18   .604161020024E+01   .834317592956E+01
   8    19   .550831973443E+01   .760672719648E+01
   8    20   .391138549108E+01   .540143706709E+01
   9    10   .142689102252E+01   .197046854044E+01
   9    11   .142655595829E+01   .197000583270E+01
   9    12   .322113497022E+01   .444823397384E+01
   9    13   .410607510866E+01   .567029415605E+01
   9    14   .403386307424E+01   .557057277592E+01
   9    15   .390475526345E+01   .539228103851E+01
   9    16   .518617940980E+01   .716186675144E+01
   9    17   .564901351400E+01   .780101860492E+01
   9    18   .616908818670E+01   .851921695719E+01
   9    19   .674583146367E+01   .931567195288E+01
   9    20   .354323880399E+01   .489304402674E+01
  10    11   .142602439240E+01   .196927176552E+01
  10    12   .279714956100E+01   .386273031779E+01
  10    13   .379239805728E+01   .523712108828E+01
  10    14   .379714046108E+01   .524367012205E+01
  10    15   .342797795571E+01   .473387428505E+01
  10    16   .460107761059E+01   .635386903465E+01
  10    17   .504184222479E+01   .696254397360E+01
  10    18   .570253204800E+01   .787492515134E+01
  10    19   .596714919398E+01   .824034882643E+01
  10    20   .282952801113E+01   .390744341526E+01
  11    12   .364577081797E+01   .503463585453E+01
  11    13   .476296601739E+01   .657742921382E+01
  11    14   .494431344558E+01   .682786137473E+01
  11    15   .473967789430E+01   .654526942503E+01
  11    16   .563909883244E+01   .778732690191E+01
  11    17   .586240732667E+01   .809570529646E+01
  11    18   .678019806314E+01   .936313058990E+01
  11    19   .682362611599E+01   .942310266244E+01
  11    20   .366267175322E+01   .505797524113E+01
  12    13   .123487257455E+01   .170530020948E+01
  12    14   .207766559272E+01   .286915722602E+01
  12    15   .241806720341E+01   .333923563733E+01
  12    16   .207699814808E+01   .286823551677E+01
  12    17   .244652795017E+01   .337853857305E+01
  12    18   .319454994246E+01   .441152131673E+01
  12    19   .360537062931E+01   .497884511821E+01
  12    20   .823047417934E+00   .113658928309E+01
  12    21   .296099524665E+01   .408899340583E+01
  12    22   .400476641923E+01   .553039168119E+01
  12    23   .476962246725E+01   .658662145405E+01
  12    24   .551858816555E+01   .762090741077E+01
  12    25   .481583994575E+01   .665044559055E+01
  12    26   .596687579968E+01   .823997128192E+01
  12    27   .686943169412E+01   .948635798415E+01
  12    28   .730993317544E+01   .100946695491E+02
  12    29   .709318902698E+01   .979535620345E+01
  12    30   .312873390805E+01   .432063250797E+01
  12    31   .625297159297E+01   .863505594596E+01
  12    32   .757368179857E+01   .104588938355E+02
  12    33   .745620078012E+01   .102966581446E+02
  13    14   .129014539265E+01   .178162933868E+01
  13    15   .201606790744E+01   .278409375650E+01
  13    16   .130736225376E+01   .180540500384E+01
  13    17   .213649274103E+01   .295039471595E+01
  13    18   .210755682842E+01   .291043559884E+01
  13    19   .330874967134E+01   .456922570308E+01
  13    20   .178174554901E+01   .246050574010E+01
  13    21   .207363881749E+01   .286359644123E+01
  13    22   .322958055766E+01   .445989692784E+01
  13    23   .386085467104E+01   .533165641135E+01
  13    24   .448516222245E+01   .619379540458E+01
  13    25   .405715775618E+01   .560274162217E+01
  13    26   .526749220661E+01   .727415585097E+01
  13    27   .616378506156E+01   .851189359396E+01
  13    28   .644637812383E+01   .890214115328E+01
  13    29   .623424517976E+01   .860919566123E+01
  13    30   .217445760121E+01   .300282237963E+01
  13    31   .539593112335E+01   .745152387755E+01
  13    32   .663710852302E+01   .916553075022E+01
  13    33   .669737402303E+01   .924875453534E+01
  13    34   .408624397311E+01   .564290830240E+01
  13    41   .384296191781E+01   .530694737136E+01
  14    15   .103686832161E+01   .143186576695E+01
  14    16   .212561664805E+01   .293537534957E+01
  14    17   .326770776535E+01   .451254878569E+01
  14    18   .249616400139E+01   .344708359567E+01
  14    19   .428106675520E+01   .591194928521E+01
  14    20   .266733744513E+01   .368346596861E+01
  14    21   .111722053088E+01   .154282834085E+01
  14    22   .205394515699E+01   .283640043407E+01
  14    23   .269386115266E+01   .372009394541E+01
  14    24   .346026518700E+01   .477846141364E+01
  14    25   .307707193400E+01   .424928978243E+01
  14    26   .418892041985E+01   .578469958495E+01
  14    27   .521630073624E+01   .720346286860E+01
  14    28   .560575630840E+01   .774128246430E+01
  14    29   .560665564476E+01   .774252440497E+01
  14    30   .167731427036E+01   .231629111826E+01
  14    31   .483515654802E+01   .667712089825E+01
  14    32   .608215516630E+01   .839916659657E+01
  14    33   .610700568966E+01   .843348398572E+01
  14    34   .289956235642E+01   .400415751043E+01
  14    35   .395507719697E+01   .546177323191E+01
  14    40   .359280020969E+01   .496148596743E+01
  14    41   .263707803601E+01   .364167916586E+01
  15    16   .257510820877E+01   .355610178600E+01
  15    17   .374167250400E+01   .516707151522E+01
  15    18   .306560806471E+01   .423345872495E+01
  15    19   .459686101255E+01   .634804611359E+01
  15    20   .281340442656E+01   .388517751292E+01
  15    21   .187971450079E+01   .259579619632E+01
  15    22   .231964202502E+01   .320331515389E+01
  15    23   .273388567099E+01   .377536589889E+01
  15    24   .365561574110E+01   .504823122446E+01
  15    25   .352359065956E+01   .486591087510E+01
  15    26   .443484570927E+01   .612431069642E+01
  15    27   .559362694337E+01   .772453238891E+01
  15    28   .610842071054E+01   .843543806215E+01
  15    29   .628123481567E+01   .867408611034E+01
  15    30   .260824383682E+01   .360186051013E+01
  15    31   .557092277084E+01   .769317900802E+01
  15    32   .679700555973E+01   .938634094215E+01
  15    33   .678385469454E+01   .936818022370E+01
  15    34   .254219711066E+01   .351065312704E+01
  15    35   .354876152662E+01   .490067064365E+01
  15    38   .360566965879E+01   .497925806368E+01
  15    40   .306077156047E+01   .422677974295E+01
  15    41   .203224629688E+01   .280643534175E+01
  16    17   .128197981435E+01   .177035306396E+01
  16    18   .128137478342E+01   .176951754507E+01
  16    19   .216175171891E+01   .298527616134E+01
  16    20   .212885601058E+01   .293984875494E+01
  16    21   .292384213158E+01   .403768672349E+01
  16    22   .398463650468E+01   .550259322797E+01
  16    23   .424475823027E+01   .586180894163E+01
  16    24   .473806497608E+01   .654304206180E+01
  16    25   .492226627853E+01   .679741528711E+01
  16    26   .610298787051E+01   .842793556883E+01
  16    27   .703710623408E+01   .971790853763E+01
  16    28   .717208959283E+01   .990431412692E+01
  16    29   .698505971636E+01   .964603477559E+01
  16    30   .303471820162E+01   .419080129528E+01
  16    31   .616816967334E+01   .851794853400E+01
  16    32   .726914638787E+01   .100383449381E+02
  16    33   .754593458769E+01   .104205762589E+02
  16    40   .380028896625E+01   .524801805772E+01
  16    41   .415219419464E+01   .573398241717E+01
  17    18   .209083037333E+01   .288733716102E+01
  17    19   .129652633198E+01   .179044111197E+01
  17    20   .223189850397E+01   .308214553047E+01
  17    21   .402512794832E+01   .555850998307E+01
  17    22   .516485134794E+01   .713241371385E+01
  17    23   .549472883403E+01   .758795881034E+01
  17    24   .593185164363E+01   .819160459059E+01
  17    25   .599581752535E+01   .827993842661E+01
  17    26   .722390030449E+01   .997586225201E+01
  17    27   .807397997133E+01   .111497817833E+02
  17    28   .815721832324E+01   .112647299827E+02
  17    29   .782855334704E+01   .108108593047E+02
  17    30   .397693590538E+01   .549195906711E+01
  17    31   .698520957139E+01   .964624171826E+01
  17    32   .806340264970E+01   .111351750059E+02
  17    33   .834451209096E+01   .115233737553E+02
  18    19   .260468086402E+01   .359694021438E+01
  18    20   .338453628681E+01   .467388340938E+01
  18    21   .288765038365E+01   .398770764339E+01
  18    22   .382326719083E+01   .527974989144E+01
  18    23   .381618768899E+01   .526997343659E+01
  18    24   .404635892449E+01   .558782894995E+01
  18    25   .465862653983E+01   .643334136492E+01
  18    26   .580218873808E+01   .801254629377E+01
  18    27   .666629528017E+01   .920583627171E+01
  18    28   .659452417794E+01   .910672379793E+01
  18    29   .641088817194E+01   .885313122008E+01
  18    30   .287414431175E+01   .396905640137E+01
  18    31   .564407503997E+01   .779419880751E+01
  18    32   .656983555249E+01   .907262998208E+01
  18    33   .706545090079E+01   .975705117233E+01
  18    34   .402205203250E+01   .555426228983E+01
  18    40   .357412578648E+01   .493569747843E+01
  18    41   .411534287935E+01   .568309250596E+01
  19    20   .321859963615E+01   .444473279824E+01
  19    21   .505879337284E+01   .698595270169E+01
  19    22   .611539986892E+01   .844507594748E+01
  19    23   .622897068036E+01   .860191182878E+01
  19    24   .658846472642E+01   .909835598398E+01
  19    25   .702052716292E+01   .969501363001E+01
  19    26   .821051196112E+01   .113383259583E+02
  19    27   .909793801434E+01   .125638190704E+02
  19    28   .910538496058E+01   .125741029485E+02
  19    29   .881686259952E+01   .121756673100E+02
  19    30   .506044398768E+01   .698823212217E+01
  19    31   .800016545825E+01   .110478474565E+02
  19    32   .897934795611E+01   .124000518484E+02
  19    33   .939271635049E+01   .129708939126E+02
  20    21   .365421908485E+01   .504630250871E+01
  20    22   .467134915366E+01   .645091068866E+01
  20    23   .531669420711E+01   .734210147021E+01
  20    24   .607082630055E+01   .838352197255E+01
  20    25   .556586271607E+01   .768619131340E+01
  20    26   .670099492899E+01   .925375483401E+01
  20    27   .764483297178E+01   .105571502169E+02
  20    28   .807507382466E+01   .111512923427E+02
  20    29   .787500930712E+01   .108750127729E+02
  20    30   .386101585976E+01   .533187900530E+01
  20    31   .703354575187E+01   .971299168128E+01
  20    32   .833196956264E+01   .115060531211E+02
  20    33   .825957527848E+01   .114060800627E+02
  21    22   .122701920507E+01   .169445508028E+01
  21    23   .211179843346E+01   .291629305337E+01
  21    24   .274752085289E+01   .379419543567E+01
  21    25   .202693428127E+01   .279909970121E+01
  21    26   .321625317462E+01   .444149244664E+01
  21    27   .416551191098E+01   .575237354913E+01
  21    28   .449919888864E+01   .621317937204E+01
  21    29   .449563803464E+01   .620826200226E+01
  21    30   .823097139935E+00   .113665794680E+01
  21    31   .373957076904E+01   .516416911934E+01
  21    32   .498572808457E+01   .688505301863E+01
  21    33   .501227185643E+01   .692170870330E+01
  21    34   .272733604107E+01   .376632117193E+01
  21    35   .384588376064E+01   .531098229713E+01
  21    36   .474145016849E+01   .654771685127E+01
  21    37   .530300038946E+01   .732319096027E+01
  21    38   .443998456320E+01   .613140720894E+01
  21    39   .559535736533E+01   .772692201922E+01
  21    40   .403952115238E+01   .557838631234E+01
  21    41   .270035988885E+01   .372906839056E+01
  22    23   .129233311241E+01   .178465047546E+01
  22    24   .205097969191E+01   .283230526803E+01
  22    25   .129139831369E+01   .178335956296E+01
  22    26   .219410605819E+01   .302995596288E+01
  22    27   .332729907448E+01   .459484154532E+01
  22    28   .380680189096E+01   .525701209654E+01
  22    29   .411409997897E+01   .568137611972E+01
  22    30   .177692882820E+01   .245385407807E+01
  22    31   .352022855552E+01   .486126796956E+01
  22    32   .467631404529E+01   .645776696753E+01
  22    33   .464977948399E+01   .642112400218E+01
  22    34   .205176995022E+01   .283339657713E+01
  22    35   .321404089606E+01   .443843739532E+01
  22    36   .385506907790E+01   .532366678278E+01
  22    37   .438951451868E+01   .606171048129E+01
  22    38   .405477477066E+01   .559945083267E+01
  22    39   .519624090476E+01   .717576119676E+01
  22    40   .402284140281E+01   .555535237263E+01
  22    41   .214010406415E+01   .295538178118E+01
  22    51   .412588779810E+01   .569765453651E+01
  23    24   .103769719262E+01   .143301039834E+01
  23    25   .213652956480E+01   .295044556783E+01
  23    26   .261692142960E+01   .361384385245E+01
  23    27   .376483887792E+01   .519906317420E+01
  23    28   .401513288683E+01   .554470727920E+01
  23    29   .452177713202E+01   .624435885077E+01
  23    30   .263436884735E+01   .363793790535E+01
  23    31   .405802967158E+01   .560394569581E+01
  23    32   .493142025115E+01   .681005648732E+01
  23    33   .519742377672E+01   .717739468659E+01
  23    34   .111614793043E+01   .154134713071E+01
  23    35   .205039940202E+01   .283150391534E+01
  23    36   .274668659651E+01   .379304336734E+01
  23    37   .345861889538E+01   .477618796332E+01
  23    38   .307413136201E+01   .424522899256E+01
  23    39   .408925754180E+01   .564706989723E+01
  23    40   .323934432522E+01   .447338022580E+01
  23    41   .167777610520E+01   .231692889017E+01
  23    42   .307798502126E+01   .425055071244E+01
  23    43   .410199292667E+01   .566465685716E+01
  23    51   .292261207401E+01   .403598807257E+01
  24    25   .242039700584E+01   .334245298353E+01
  24    26   .274491257423E+01   .379059352706E+01
  24    27   .366201062792E+01   .505706225858E+01
  24    28   .359101042931E+01   .495901436598E+01
  24    29   .412499550207E+01   .569642231819E+01
  24    30   .302834913543E+01   .418200591824E+01
  24    31   .376823224519E+01   .520374925278E+01
  24    32   .438132293887E+01   .605039829974E+01
  24    33   .489528753076E+01   .676015892143E+01
  24    34   .186907098189E+01   .258109800366E+01
  24    35   .229483481167E+01   .316905757380E+01
  24    36   .286307861649E+01   .395377520327E+01
  24    37   .376206884601E+01   .519523789207E+01
  24    38   .346160811457E+01   .478031593264E+01
  24    39   .423332109217E+01   .584601479865E+01
  24    40   .367727144170E+01   .507813671555E+01
  24    41   .260174865074E+01   .359289096751E+01
  24    42   .283506161140E+01   .391508505367E+01
  24    43   .386253969267E+01   .533398334596E+01
  24    46   .392648628044E+01   .542229053795E+01
  24    51   .242169160224E+01   .334424075949E+01
  25    26   .128091600270E+01   .176888399074E+01
  25    27   .214379488066E+01   .296047862299E+01
  25    28   .265236049991E+01   .366278352061E+01
  25    29   .292225292798E+01   .403549210902E+01
  25    30   .209513093218E+01   .289327602796E+01
  25    31   .239105746495E+01   .330193647498E+01
  25    32   .358205924290E+01   .494665320389E+01
  25    33   .339199053377E+01   .468417736939E+01
  25    34   .310730466517E+01   .429103974422E+01
  25    35   .414227892780E+01   .572028990593E+01
  25    36   .455399229132E+01   .628884645137E+01
  25    37   .512328018764E+01   .707500592148E+01
  25    38   .515925663539E+01   .712468768229E+01
  25    39   .621576760320E+01   .858367900808E+01
  25    40   .522317237000E+01   .721295226753E+01
  25    41   .331787156607E+01   .458182260523E+01
  26    27   .128682681900E+01   .177704654653E+01
  26    28   .215137448368E+01   .297094569374E+01
  26    29   .289216746473E+01   .399394551721E+01
  26    30   .337130032681E+01   .465560517905E+01
  26    31   .272983575437E+01   .376977315694E+01
  26    32   .360012065731E+01   .497159515693E+01
  26    33   .327389179712E+01   .452108863903E+01
  26    34   .345581381595E+01   .477231428223E+01
  26    35   .431759495223E+01   .596239298550E+01
  26    36   .435565039129E+01   .601494573430E+01
  26    37   .483409500120E+01   .667565495265E+01
  26    38   .546226303120E+01   .754312508296E+01
  26    39   .642433787513E+01   .887170461958E+01
  26    40   .580648755382E+01   .801848275356E+01
  26    41   .372199025248E+01   .513989126332E+01
  26    51   .418480903367E+01   .577902195646E+01
  27    28   .128448086309E+01   .177380689315E+01
  27    29   .206967273424E+01   .285811946917E+01
  27    30   .410694351103E+01   .567149337837E+01
  27    31   .224679714433E+01   .310271984321E+01
  27    32   .282826317207E+01   .390569673277E+01
  27    33   .224695902975E+01   .310294339926E+01
  27    34   .468077887973E+01   .646393269123E+01
  27    35   .546455092668E+01   .754628455764E+01
  27    36   .542739375874E+01   .749497227848E+01
  27    37   .593431353852E+01   .819500435018E+01
  27    38   .666204982536E+01   .919997350082E+01
  27    39   .755700806012E+01   .104358681969E+02
  27    40   .699871453816E+01   .966489143414E+01
  27    41   .499612668196E+01   .689941298634E+01
  28    29   .121777897823E+01   .168169476712E+01
  28    30   .428718506954E+01   .592039838591E+01
  28    31   .171933001543E+01   .237431286103E+01
  28    32   .171921571735E+01   .237415502081E+01
  28    33   .171923295489E+01   .237417882503E+01
  28    34   .503384816694E+01   .695150456046E+01
  28    35   .566907538874E+01   .782872309842E+01
  28    36   .570146343852E+01   .787344945254E+01
  28    37   .637503419176E+01   .880361858114E+01
  28    38   .691629105895E+01   .955106853511E+01
  28    39   .768992114401E+01   .106194148352E+02
  28    40   .719611731373E+01   .993749526506E+01
  28    41   .550562359052E+01   .760300395015E+01
  29    30   .407452416095E+01   .562672380001E+01
  29    31   .873521250169E+00   .120629124138E+01
  29    32   .873629887824E+00   .120644126481E+01
  29    33   .873381899569E+00   .120609880484E+01
  29    34   .561532186630E+01   .775449204415E+01
  29    35   .634547078062E+01   .876279291843E+01
  29    36   .657594355549E+01   .908106484331E+01
  29    37   .729802048618E+01   .100782186927E+02
  29    38   .752692285764E+01   .103943219652E+02
  29    39   .835033060922E+01   .115314088519E+02
  29    40   .761590815172E+01   .105172064180E+02
  29    41   .604872413240E+01   .835299993105E+01
  30    31   .325510850753E+01   .449514981074E+01
  30    32   .451081886833E+01   .622922601054E+01
  30    33   .457608542096E+01   .631935601113E+01
  30    34   .340872539647E+01   .470728741771E+01
  30    35   .446294531537E+01   .616311491408E+01
  30    36   .535630657400E+01   .739680426218E+01
  30    37   .598990950662E+01   .827177973414E+01
  30    38   .511349372608E+01   .706149128418E+01
  30    39   .621141045642E+01   .857766199590E+01
  30    40   .465739181799E+01   .643163627287E+01
  30    41   .348016725563E+01   .480594522249E+01
  31    32   .142650179661E+01   .196993103800E+01
  31    33   .142609861080E+01   .196937425760E+01
  31    34   .516467019229E+01   .713216354652E+01
  31    35   .598518370266E+01   .826525362396E+01
  31    36   .636575795615E+01   .879080854158E+01
  31    37   .709460805523E+01   .979731581388E+01
  31    38   .709442107584E+01   .979705760425E+01
  31    39   .798451291792E+01   .110262320438E+02
  31    40   .706760119303E+01   .976002062349E+01
  31    41   .554752747415E+01   .766087121759E+01
  32    33   .142619583106E+01   .196950851414E+01
  32    34   .603106484032E+01   .832861328978E+01
  32    35   .665260561639E+01   .918693149806E+01
  32    36   .690611212371E+01   .953701191036E+01
  32    37   .770043841885E+01   .106339386908E+02
  32    38   .783819527564E+01   .108241743488E+02
  32    39   .857189810859E+01   .118373830154E+02
  32    40   .790000800578E+01   .109095347850E+02
  32    41   .653842588977E+01   .902925473388E+01
  33    34   .627288252087E+01   .866255198904E+01
  33    35   .706435068864E+01   .975553183175E+01
  33    36   .725086981307E+01   .100131058588E+02
  33    37   .791006867055E+01   .109234280839E+02
  33    38   .823911921383E+01   .113778312118E+02
  33    39   .910575575515E+01   .125746149981E+02
  33    40   .833455779565E+01   .115096273476E+02
  33    41   .664049697040E+01   .917021003467E+01
  34    35   .122854444545E+01   .169656136460E+01
  34    36   .208162288768E+01   .287462206188E+01
  34    37   .265187681838E+01   .366211557946E+01
  34    38   .206451239054E+01   .285099328029E+01
  34    39   .318369110460E+01   .439652577884E+01
  34    40   .241259992373E+01   .333168558450E+01
  34    41   .822964684155E+00   .113647503168E+01
  34    42   .278084827178E+01   .384021901379E+01
  34    43   .384360853212E+01   .530784031492E+01
  34    44   .487268942369E+01   .672895201190E+01
  34    45   .528552866573E+01   .729906334196E+01
  34    46   .440540770768E+01   .608365821832E+01
  34    47   .536990459855E+01   .741558248642E+01
  34    48   .646159152546E+01   .892315013633E+01
  34    49   .671505522932E+01   .927317143908E+01
  34    50   .723959693783E+01   .999753855505E+01
  34    51   .284802728980E+01   .393299003800E+01
  35    36   .129030617567E+01   .178185137237E+01
  35    37   .204181626135E+01   .281965100688E+01
  35    38   .130552918378E+01   .180287362152E+01
  35    39   .211037475751E+01   .291432702469E+01
  35    40   .212605129310E+01   .293597557368E+01
  35    41   .178011400752E+01   .245825265901E+01
  35    42   .206287617492E+01   .284873374445E+01
  35    43   .320930606277E+01   .443189881605E+01
  35    44   .402030179683E+01   .555184529773E+01
  35    45   .430612760139E+01   .594655712018E+01
  35    46   .399959322134E+01   .552324774131E+01
  35    47   .505915572865E+01   .698645309781E+01
  35    48   .612077828952E+01   .845250329014E+01
  35    49   .648049833399E+01   .894925953838E+01
  35    50   .678266318832E+01   .936653481035E+01
  35    51   .216937217648E+01   .299579965029E+01
  36    37   .103727926865E+01   .143243326523E+01
  36    38   .213712806853E+01   .295127207297E+01
  36    39   .252638167028E+01   .348881275716E+01
  36    40   .326821484039E+01   .451324903217E+01
  36    41   .252985689336E+01   .349361187471E+01
  36    42   .111462841350E+01   .153924875020E+01
  36    43   .203339364925E+01   .280801978073E+01
  36    44   .286904482107E+01   .396201424763E+01
  36    45   .335094037041E+01   .462748904897E+01
  36    46   .300123772785E+01   .414456635566E+01
  36    47   .395091829570E+01   .545602998735E+01
  36    48   .506516422044E+01   .699475053879E+01
  36    49   .555743970625E+01   .767455953801E+01
  36    50   .565874236818E+01   .781445368918E+01
  36    51   .168180210063E+01   .232248859811E+01
  36    52   .350730984556E+01   .484342784641E+01
  36    60   .346737980844E+01   .478828636698E+01
  37    38   .243991416232E+01   .336940524704E+01
  37    39   .279061364504E+01   .385370452915E+01
  37    40   .366389908954E+01   .505967013412E+01
  37    41   .281595941340E+01   .388870582806E+01
  37    42   .186218282001E+01   .257158578018E+01
  37    43   .226125021003E+01   .312267883854E+01
  37    44   .293062963984E+01   .404705994912E+01
  37    45   .359839863915E+01   .496921713188E+01
  37    46   .337004180376E+01   .465386721865E+01
  37    47   .404922339344E+01   .559178464514E+01
  37    48   .524498773526E+01   .724307824791E+01
  37    49   .587367003780E+01   .811125856409E+01
  37    50   .574507444779E+01   .793367417919E+01
  37    51   .259995267218E+01   .359041080665E+01
  37    52   .323663076195E+01   .446963292417E+01
  37    57   .394666374385E+01   .545015465388E+01
  37    60   .301685811252E+01   .416613736290E+01
  38    39   .127759582322E+01   .176429898101E+01
  38    40   .127923396184E+01   .176656117244E+01
  38    41   .217995813071E+01   .301041834889E+01
  38    42   .307794616468E+01   .425049705336E+01
  38    43   .410467606881E+01   .566836214865E+01
  38    44   .466578816731E+01   .644323123136E+01
  38    45   .488101805394E+01   .674045345358E+01
  38    46   .508428423888E+01   .702115437358E+01
  38    47   .608606726642E+01   .840456902051E+01
  38    48   .717569067673E+01   .990928705226E+01
  38    49   .762809035276E+01   .105340294574E+02
  38    50   .774198037218E+01   .106913061498E+02
  38    51   .327873748561E+01   .452778030403E+01
  39    40   .207694583038E+01   .286816326852E+01
  39    41   .342341061081E+01   .472756699927E+01
  39    42   .323086638648E+01   .446167259620E+01
  39    43   .412669902651E+01   .569877480430E+01
  39    44   .433566007949E+01   .598734006582E+01
  39    45   .433578490187E+01   .598751243958E+01
  39    46   .520808036349E+01   .719211092536E+01
  39    47   .622744334730E+01   .859980265457E+01
  39    48   .722235915835E+01   .997373400260E+01
  39    49   .774415105567E+01   .106943037603E+02
  39    50   .765168622980E+01   .105666142398E+02
  39    51   .340767337280E+01   .470583462313E+01
  40    41   .241548409394E+01   .333566848619E+01
  40    42   .412161741289E+01   .569175733793E+01
  40    43   .524248369783E+01   .723962029148E+01
  40    44   .585270682147E+01   .808230936080E+01
  40    45   .598397048008E+01   .826357822136E+01
  40    46   .610749983185E+01   .843416637255E+01
  40    47   .716969965871E+01   .990101374173E+01
  40    48   .822991369923E+01   .113651188346E+02
  40    49   .858756238666E+01   .118590146374E+02
  40    50   .885368985508E+01   .122265239958E+02
  40    51   .414587862832E+01   .572526092089E+01
  41    42   .338741143106E+01   .467785384666E+01
  41    43   .435487217170E+01   .601387105011E+01
  41    44   .536898735531E+01   .741431581719E+01
  41    45   .585765304000E+01   .808913985300E+01
  41    46   .498255977154E+01   .688067772924E+01
  41    47   .584092907713E+01   .806604485683E+01
  41    48   .699161033493E+01   .965508086783E+01
  41    49   .728939375891E+01   .100663055932E+02
  41    50   .775682224432E+01   .107118020683E+02
  41    51   .357734631080E+01   .494014486912E+01
  42    43   .122402528142E+01   .169032061432E+01
  42    44   .217383529354E+01   .300196300238E+01
  42    45   .259616837601E+01   .358518487389E+01
  42    46   .202542430551E+01   .279701449659E+01
  42    47   .313122651782E+01   .432407468334E+01
  42    48   .412760753612E+01   .570002941281E+01
  42    49   .457251662178E+01   .631442766944E+01
  42    50   .473814933939E+01   .654315856351E+01
  42    51   .823158002433E+00   .113674199502E+01
  42    52   .303984395657E+01   .419787971873E+01
  42    53   .412854626748E+01   .570132575610E+01
  42    54   .496944413880E+01   .686256566511E+01
  42    55   .561128817290E+01   .774892170569E+01
  42    56   .486556760199E+01   .671911711534E+01
  42    57   .458086876104E+01   .632596157595E+01
  42    58   .601062329790E+01   .830038449331E+01
  42    59   .475945907070E+01   .657258628748E+01
  42    60   .314708890823E+01   .434597988899E+01
  43    44   .128966100839E+01   .178096042708E+01
  43    45   .206726321875E+01   .285479204303E+01
  43    46   .127502537741E+01   .176074931779E+01
  43    47   .211089744619E+01   .291504883287E+01
  43    48   .313675043607E+01   .433170295135E+01
  43    49   .376966227997E+01   .520572406269E+01
  43    50   .364047841791E+01   .502732730211E+01
  43    51   .178080099815E+01   .245920136034E+01
  43    52   .203137949580E+01   .280523833074E+01
  43    53   .318421798524E+01   .439725337591E+01
  43    54   .387578887205E+01   .535227983164E+01
  43    55   .445395290762E+01   .615069682728E+01
  43    56   .403626609781E+01   .557389123701E+01
  43    57   .404070614282E+01   .558002272770E+01
  43    58   .518891854016E+01   .716564936001E+01
  43    59   .442925271321E+01   .611658703524E+01
  43    60   .211710348726E+01   .292361907999E+01
  43    61   .418504297330E+01   .577934501594E+01
  43    70   .391875270824E+01   .541161084309E+01
  43    99   .389400717959E+01   .537743844663E+01
  44    45   .104493637074E+01   .144300735853E+01
  44    46   .208010274670E+01   .287252281960E+01
  44    47   .259022837501E+01   .357698201543E+01
  44    48   .330354754579E+01   .456204181547E+01
  44    49   .408876945596E+01   .564639587392E+01
  44    50   .344475398579E+01   .475704118356E+01
  44    51   .261006560477E+01   .360437628489E+01
  44    52   .111746934071E+01   .154317193537E+01
  44    53   .203467317868E+01   .280978674994E+01
  44    54   .283379376433E+01   .391333421726E+01
  44    55   .358525876609E+01   .495107159302E+01
  44    56   .303016143593E+01   .418450861890E+01
  44    57   .316386745671E+01   .436915026529E+01
  44    58   .406331037256E+01   .561123809235E+01
  44    59   .344666762058E+01   .475968382205E+01
  44    60   .168316927780E+01   .232437660466E+01
  44    61   .311566838021E+01   .430258963633E+01
  44    70   .280111147533E+01   .386820153277E+01
  44    97   .333391853245E+01   .460398270150E+01
  44    99   .270613024963E+01   .373703698396E+01
  44   100   .341917200906E+01   .472171369214E+01
  45    46   .265664274107E+01   .366869709169E+01
  45    47   .331902880147E+01   .458342069220E+01
  45    48   .376878019133E+01   .520450594030E+01
  45    49   .444010565819E+01   .613157443535E+01
  45    50   .381540272233E+01   .526888943502E+01
  45    51   .277271570123E+01   .382898832121E+01
  45    52   .188011348330E+01   .259634717217E+01
  45    53   .228691478104E+01   .315812038873E+01
  45    54   .304877234663E+01   .421020940015E+01
  45    55   .397723245691E+01   .549236859065E+01
  45    56   .335233319724E+01   .462941247649E+01
  45    57   .342924762351E+01   .473562763580E+01
  45    58   .415071550337E+01   .573194041496E+01
  45    59   .333027628596E+01   .459895293257E+01
  45    60   .261344048560E+01   .360903683457E+01
  45    61   .302590504616E+01   .417863074735E+01
  45    62   .415721254919E+01   .574091252579E+01
  45    70   .246799691877E+01   .340818619614E+01
  45    95   .347395942802E+01   .479737250825E+01
  45    96   .350392950188E+01   .483875975279E+01
  45    97   .259414101847E+01   .358238518968E+01
  45    99   .185055851860E+01   .255553317359E+01
  45   100   .289208000042E+01   .399382473317E+01
  46    47   .127882655506E+01   .176599856307E+01
  46    48   .212804000079E+01   .293872188428E+01
  46    49   .257225201043E+01   .355215751213E+01
  46    50   .286776321080E+01   .396024440489E+01
  46    51   .217847049400E+01   .300836399343E+01
  46    52   .276994939877E+01   .382516818927E+01
  46    53   .381017362675E+01   .526166830309E+01
  46    54   .412997762701E+01   .570330239544E+01
  46    55   .463576641540E+01   .640177262190E+01
  46    56   .484862882293E+01   .669572546823E+01
  46    57   .509561269928E+01   .703679843783E+01
  46    58   .591836862244E+01   .817298518052E+01
  46    59   .550107979379E+01   .759672918328E+01
  46    60   .284908622606E+01   .393445237853E+01
  46    70   .398574867839E+01   .550412908689E+01
  46    72   .355254920375E+01   .490590124536E+01
  47    48   .126896479357E+01   .175237994016E+01
  47    49   .200705762566E+01   .277165098651E+01
  47    50   .199290952374E+01   .275211313163E+01
  47    51   .342457575987E+01   .472917601462E+01
  47    52   .280329963174E+01   .387122327256E+01
  47    53   .372673714682E+01   .514644649830E+01
  47    54   .371685688087E+01   .513280232161E+01
  47    55   .396752845520E+01   .547896782649E+01
  47    56   .472187224353E+01   .652068066940E+01
  47    57   .523469064145E+01   .722885845180E+01
  47    58   .574893615242E+01   .793900700935E+01
  47    59   .586408243994E+01   .809801854809E+01
  47    60   .268674746336E+01   .371027027931E+01
  47    61   .390367921102E+01   .539079506136E+01
  47    69   .374878459339E+01   .517689297192E+01
  47    70   .390839183917E+01   .539730297637E+01
  47    71   .381867881940E+01   .527341356904E+01
  47    72   .305641893875E+01   .422076897967E+01
  47    73   .391689650813E+01   .540904751915E+01
  48    49   .103288888438E+01   .142637035368E+01
  48    50   .103343114928E+01   .142711919567E+01
  48    51   .425624628205E+01   .587767339397E+01
  48    52   .350415070414E+01   .483906522258E+01
  48    53   .413360510991E+01   .570831177655E+01
  48    54   .376283306063E+01   .519629323606E+01
  48    55   .398463827548E+01   .550259567336E+01
  48    56   .525761967694E+01   .726052235772E+01
  48    57   .596173993799E+01   .823287890155E+01
  48    58   .609092152311E+01   .841127251779E+01
  48    59   .651095295152E+01   .899131591468E+01
  48    60   .355479625233E+01   .490900431243E+01
  48    61   .364439459042E+01   .503273534983E+01
  48    62   .397127465400E+01   .548414114860E+01
  48    66   .359389395096E+01   .496299637204E+01
  48    67   .383513038491E+01   .529613239742E+01
  48    68   .353893746102E+01   .488710407697E+01
  48    69   .248558555962E+01   .343247527143E+01
  48    70   .368374490718E+01   .508707626304E+01
  48    71   .257368365865E+01   .355413455014E+01
  48    72   .184286677851E+01   .254491124687E+01
  48    73   .270006512804E+01   .372866133993E+01
  49    50   .178404650116E+01   .246368324542E+01
  49    51   .454218947430E+01   .627254732323E+01
  49    52   .444632576894E+01   .614016411204E+01
  49    53   .509480832081E+01   .703568762948E+01
  49    54   .471895861114E+01   .651665708183E+01
  49    55   .496180550558E+01   .685201707646E+01
  49    56   .625644515696E+01   .863985277239E+01
  49    57   .691935470411E+01   .955529928315E+01
  49    58   .707292877241E+01   .976737775687E+01
  49    59   .739665550639E+01   .102144289577E+02
  49    60   .452134892470E+01   .624376751685E+01
  49    66   .382824801704E+01   .528662817520E+01
  49    67   .387332235784E+01   .534887369299E+01
  49    68   .323977983076E+01   .447398163820E+01
  49    69   .212393697760E+01   .293305580468E+01
  49    71   .239059721289E+01   .330130088880E+01
  49    72   .167816276254E+01   .231746284555E+01
  49    73   .200922276694E+01   .277464094350E+01
  50    51   .491689616236E+01   .678999941247E+01
  50    52   .342604852703E+01   .473120983593E+01
  50    53   .375678288840E+01   .518793823638E+01
  50    54   .310320092968E+01   .428537268097E+01
  50    55   .325420674042E+01   .449390451330E+01
  50    56   .487752994793E+01   .673563654532E+01
  50    57   .575480109575E+01   .794710621674E+01
  50    58   .554094495456E+01   .765178107155E+01
  50    59   .630851243598E+01   .871175520478E+01
  50    60   .355568628004E+01   .491023339830E+01
  50    61   .288306173732E+01   .398137094135E+01
  50    62   .302284747657E+01   .417440838938E+01
  50    63   .418626978304E+01   .578103918177E+01
  50    65   .343014965705E+01   .473687330116E+01
  50    66   .287793808414E+01   .397429542035E+01
  50    67   .309708639235E+01   .427692879614E+01
  50    68   .309386552156E+01   .427248092698E+01
  50    69   .219553119865E+01   .303192401398E+01
  50    70   .306903643279E+01   .423819313798E+01
  50    71   .211460320242E+01   .292016630571E+01
  50    72   .158372728326E+01   .218705194655E+01
  50    73   .272155515937E+01   .375833804963E+01
  51    52   .361314018427E+01   .498957450355E+01
  51    53   .462719596472E+01   .638993723771E+01
  51    54   .540061682510E+01   .745799460849E+01
  51    55   .610793247671E+01   .843476383450E+01
  51    56   .547099798681E+01   .755518764061E+01
  51    57   .520870780956E+01   .719297739850E+01
  51    58   .655057219539E+01   .904602820342E+01
  51    59   .524407131475E+01   .724181271483E+01
  51    60   .382506690888E+01   .528223521634E+01
  52    53   .122025173070E+01   .168510952050E+01
  52    54   .209027431166E+01   .288656926635E+01
  52    55   .268897987660E+01   .371335313567E+01
  52    56   .208098383811E+01   .287373956487E+01
  52    57   .247855150173E+01   .342276157250E+01
  52    58   .320290371147E+01   .442305747385E+01
  52    59   .311103864676E+01   .429619619494E+01
  52    60   .823157573840E+00   .113674140315E+01
  52    61   .273715634888E+01   .377988254927E+01
  52    62   .388336816679E+01   .536274647667E+01
  52    63   .462497472319E+01   .638686980895E+01
  52    64   .471245804110E+01   .650768010422E+01
  52    65   .465137136340E+01   .642332231183E+01
  52    66   .478320077300E+01   .660537244756E+01
  52    67   .569853433140E+01   .786940449512E+01
  52    68   .607732641658E+01   .839249832320E+01
  52    69   .544878290087E+01   .752450966501E+01
  52    70   .270031834206E+01   .372901101643E+01
  52    71   .550710165214E+01   .760504508285E+01
  52    72   .464022677525E+01   .640793216640E+01
  52    73   .594496043413E+01   .820970720591E+01
  52    97   .338180725716E+01   .467011474942E+01
  52    99   .297817946946E+01   .411272399907E+01
  52   100   .319444193218E+01   .441137215968E+01
  53    54   .128830206572E+01   .177908379198E+01
  53    55   .205278230874E+01   .283479459602E+01
  53    56   .131199234581E+01   .181179894043E+01
  53    57   .213895556320E+01   .295379575607E+01
  53    58   .212346019807E+01   .293239739486E+01
  53    59   .267139983409E+01   .368907593428E+01
  53    60   .177673563359E+01   .245358728552E+01
  53    61   .203172473252E+01   .280571508622E+01
  53    62   .319983048263E+01   .441881349120E+01
  53    63   .370312179524E+01   .511383482255E+01
  53    64   .362742950664E+01   .500930737716E+01
  53    65   .405362357136E+01   .559786108127E+01
  53    66   .449757534832E+01   .621093734019E+01
  53    67   .547579824458E+01   .756181656796E+01
  53    68   .609876979988E+01   .842211061420E+01
  53    69   .566162875103E+01   .781843964642E+01
  53    70   .211021209084E+01   .291410238977E+01
  53    71   .567537242118E+01   .783741900029E+01
  53    72   .490137065317E+01   .676855942374E+01
  53    73   .629135054520E+01   .868805545103E+01
  53    93   .419776821690E+01   .579691797127E+01
  53    95   .368981023717E+01   .509545219488E+01
  53    97   .262435508075E+01   .362410937062E+01
  53    99   .250667218645E+01   .346159489873E+01
  53   100   .221180582621E+01   .305439849949E+01
  54    55   .103560111681E+01   .143011581747E+01
  54    56   .213123512365E+01   .294313419677E+01
  54    57   .327064084581E+01   .451659923011E+01
  54    58   .246747709806E+01   .340746834850E+01
  54    59   .382419381744E+01   .528102951865E+01
  54    60   .247312406759E+01   .341526654446E+01
  54    61   .111879360503E+01   .154500068132E+01
  54    62   .205906875983E+01   .284347588556E+01
  54    63   .256631136694E+01   .354395376642E+01
  54    64   .274414617922E+01   .378953517206E+01
  54    65   .312021514971E+01   .430886850845E+01
  54    66   .368427898949E+01   .508781380528E+01
  54    67   .451202669041E+01   .623089395530E+01
  54    68   .526091901649E+01   .726507858849E+01
  54    69   .489204023571E+01   .675567456163E+01
  54    70   .167834901590E+01   .231772005257E+01
  54    71   .478817310147E+01   .661223899635E+01
  54    72   .424228785384E+01   .585839746944E+01
  54    73   .561506954298E+01   .775414359767E+01
  54    74   .339824646227E+01   .469281650869E+01
  54    80   .388969436959E+01   .537148266143E+01
  54    93   .417112064991E+01   .576011895046E+01
  54    95   .381213112101E+01   .526437150941E+01
  54    97   .293515534086E+01   .405330972667E+01
  54    98   .413222999048E+01   .570641280210E+01
  54    99   .300710650856E+01   .415267086228E+01
  54   100   .248720993949E+01   .343471846265E+01
  55    56   .245201540550E+01   .338611648750E+01
  55    57   .370171837847E+01   .511189677083E+01
  55    58   .270576636063E+01   .373653447059E+01
  55    59   .447896075728E+01   .618523147655E+01
  55    60   .277870756924E+01   .383726280554E+01
  55    61   .187813894982E+01   .259362043548E+01
  55    62   .232578329680E+01   .321179595771E+01
  55    63   .255208687177E+01   .352431041610E+01
  55    64   .290458494850E+01   .401109347086E+01
  55    65   .357061948616E+01   .493085544470E+01
  55    66   .417104680954E+01   .576001698041E+01
  55    67   .476037762647E+01   .657385476925E+01
  55    68   .552366949169E+01   .762792448015E+01
  55    69   .508276019950E+01   .701904974778E+01
  55    70   .260384257407E+01   .359578257589E+01
  55    71   .479966395017E+01   .662810731110E+01
  55    72   .454489816950E+01   .627628790228E+01
  55    73   .581327056351E+01   .802784976687E+01
  55    74   .306757248105E+01   .423617149036E+01
  55    75   .389832272976E+01   .538339801587E+01
  55    80   .341457284100E+01   .471536246010E+01
  55    97   .391330759384E+01   .540409139944E+01
  55    99   .403661344034E+01   .557437090051E+01
  55   100   .338362188477E+01   .467262066371E+01
  56    57   .128376708901E+01   .177282120515E+01
  56    58   .128745504672E+01   .177791409908E+01
  56    59   .220014859235E+01   .303830041475E+01
  56    60   .226300896233E+01   .312510759171E+01
  56    61   .306174827597E+01   .422812854054E+01
  56    62   .408454698370E+01   .564056484085E+01
  56    63   .423271134142E+01   .584517276191E+01
  56    64   .397678447194E+01   .549174994475E+01
  56    65   .506177136858E+01   .699006517197E+01
  56    66   .567334416686E+01   .783461807768E+01
  56    67   .660744526078E+01   .912456719790E+01
  56    68   .730551233872E+01   .100885645842E+02
  56    69   .685813253500E+01   .947075438358E+01
  56    70   .326681260798E+01   .451131261600E+01
  56    71   .678467337295E+01   .936931077958E+01
  56    72   .613112147276E+01   .846678673356E+01
  56    73   .750140890025E+01   .103590884053E+02
  56    97   .335729086711E+01   .463625878245E+01
  56    99   .340060522485E+01   .469607384746E+01
  56   100   .273951201288E+01   .378313560906E+01
  57    58   .208685503634E+01   .288184740998E+01
  57    59   .129640224310E+01   .179026975114E+01
  57    60   .263783982835E+01   .364273116480E+01
  57    61   .408300240504E+01   .563843185128E+01
  57    62   .520147407860E+01   .718298796058E+01
  57    63   .541057519601E+01   .747174664440E+01
  57    64   .505440287195E+01   .697988962907E+01
  57    65   .605080567499E+01   .835587444223E+01
  57    66   .657852554961E+01   .908463045421E+01
  57    67   .760209512348E+01   .104981312839E+02
  57    68   .821939093535E+01   .113505873988E+02
  57    69   .774508218402E+01   .106955896042E+02
  57    70   .408712228619E+01   .564412121092E+01
  57    71   .775726036528E+01   .107124070925E+02
  57    72   .695862837309E+01   .960953434944E+01
  57    73   .832252003707E+01   .114930037763E+02
  57    97   .370503596119E+01   .511647819456E+01
  57    99   .361869174232E+01   .499724094080E+01
  57   100   .322359542208E+01   .445163174068E+01
  58    59   .253328974771E+01   .349835248306E+01
  58    60   .348594253003E+01   .481392060137E+01
  58    61   .318894736441E+01   .440378442329E+01
  58    62   .399373229246E+01   .551515407767E+01
  58    63   .377281520115E+01   .521007809667E+01
  58    64   .326306496967E+01   .450613730599E+01
  58    65   .494171716535E+01   .682427603539E+01
  58    66   .580071677503E+01   .801051358291E+01
  58    67   .673372138507E+01   .929894851112E+01
  58    68   .761176727383E+01   .105114880629E+02
  58    69   .733990796669E+01   .101360633082E+02
  58    70   .345749409593E+01   .477463466886E+01
  58    71   .724117748503E+01   .999972121545E+01
  58    72   .667400196369E+01   .921647883458E+01
  58    73   .806698406348E+01   .111401207678E+02
  58    90   .407677064225E+01   .562982608369E+01
  58    91   .370630143256E+01   .511822575025E+01
  58    92   .373534552281E+01   .515833425555E+01
  58    93   .347398349662E+01   .479740574583E+01
  58    95   .410490056604E+01   .566867216864E+01
  58    97   .326217189091E+01   .450490400675E+01
  58    98   .415530919550E+01   .573828408500E+01
  58    99   .360421997600E+01   .497725612080E+01
  58   100   .247589071281E+01   .341908714974E+01
  59    60   .352213684300E+01   .486390322368E+01
  59    61   .435771058021E+01   .601779075707E+01
  59    62   .549284532017E+01   .758535776741E+01
  59    63   .570561158710E+01   .787917784815E+01
  59    64   .519022244461E+01   .716744998995E+01
  59    65   .612236686486E+01   .845469703703E+01
  59    66   .666529295001E+01   .920445210150E+01
  59    67   .780925315677E+01   .107842066611E+02
  59    68   .845219828799E+01   .116720832644E+02
  59    69   .811413420410E+01   .112052328663E+02
  59    70   .415215162589E+01   .573392363176E+01
  59    71   .824293360280E+01   .113830987013E+02
  59    72   .730155303565E+01   .100830969752E+02
  59    73   .869399524861E+01   .120059933504E+02
  59    95   .406793225746E+01   .561762069526E+01
  59    97   .317111360617E+01   .437915685256E+01
  59    99   .310581456377E+01   .428898198515E+01
  59   100   .283592286631E+01   .391627440569E+01
  60    61   .328130344426E+01   .453132377071E+01
  60    62   .433202506546E+01   .598232028458E+01
  60    63   .502279805547E+01   .693624488283E+01
  60    64   .518135439419E+01   .715520363469E+01
  60    65   .520980171376E+01   .719448802810E+01
  60    66   .531673163234E+01   .734215315267E+01
  60    67   .611500698453E+01   .844453339283E+01
  60    68   .643643873315E+01   .888841532815E+01
  60    69   .569123261579E+01   .785932117363E+01
  60    70   .338355484044E+01   .467252807869E+01
  60    71   .565917490826E+01   .781505100642E+01
  60    72   .492243592868E+01   .679764956589E+01
  60    73   .614450965229E+01   .848527517183E+01
  60    97   .417372824639E+01   .576371991699E+01
  60    99   .379799227588E+01   .524484643771E+01
  60   100   .391906977631E+01   .541204869899E+01
  61    62   .123006005060E+01   .169865434312E+01
  61    63   .209506121738E+01   .289317975515E+01
  61    64   .236068308204E+01   .325999089889E+01
  61    65   .205177785987E+01   .283340749997E+01
  61    66   .265598503807E+01   .366778883518E+01
  61    67   .359763224866E+01   .496815878311E+01
  61    68   .443311718890E+01   .612192369212E+01
  61    69   .426724276205E+01   .589285900910E+01
  61    70   .823172574476E+00   .113676211831E+01
  61    71   .427613575281E+01   .590513980578E+01
  61    72   .364309802792E+01   .503094485877E+01
  61    73   .503849654720E+01   .695792375220E+01
  61    74   .308587546545E+01   .426144704006E+01
  61    75   .413422341882E+01   .570916563170E+01
  61    76   .461210009088E+01   .636909055494E+01
  61    77   .523891530591E+01   .723469251220E+01
  61    78   .503844788245E+01   .695785654850E+01
  61    79   .471768269547E+01   .651489510306E+01
  61    80   .358802793624E+01   .495489568510E+01
  61    93   .382551845833E+01   .528285878463E+01
  61    94   .369855788519E+01   .510753228015E+01
  61    95   .317505878815E+01   .438460496098E+01
  61    96   .374648345000E+01   .517371520250E+01
  61    97   .251714813699E+01   .347606168747E+01
  61    98   .359317647854E+01   .496200557680E+01
  61    99   .264318211077E+01   .365010860236E+01
  61   100   .228780242673E+01   .315934618516E+01
  62    63   .129217531187E+01   .178443256044E+01
  62    64   .199767895929E+01   .275869949496E+01
  62    65   .128458962523E+01   .177395708849E+01
  62    66   .216408178918E+01   .298849387741E+01
  62    67   .282009331940E+01   .389441455535E+01
  62    68   .387137785121E+01   .534618842195E+01
  62    69   .391299546854E+01   .540366036926E+01
  62    70   .177929172733E+01   .245711712923E+01
  62    71   .380953300618E+01   .526078363658E+01
  62    72   .350772103303E+01   .484399567672E+01
  62    73   .476509702194E+01   .658037202962E+01
  62    74   .213539516728E+01   .294887901888E+01
  62    75   .330265708182E+01   .456081212713E+01
  62    76   .385869972467E+01   .532868053305E+01
  62    77   .465342481435E+01   .642615802979E+01
  62    78   .405219240518E+01   .559588470894E+01
  62    79   .373956086308E+01   .516415543968E+01
  62    80   .253015000980E+01   .349401665456E+01
  62    81   .373760302405E+01   .516145175722E+01
  62    86   .397497454243E+01   .548925051830E+01
  62    87   .329542032859E+01   .455081851560E+01
  62    88   .350142240588E+01   .483529757263E+01
  62    89   .407566434956E+01   .562829834617E+01
  62    93   .416250066075E+01   .574821515598E+01
  62    94   .396962441223E+01   .548186224332E+01
  62    95   .373955520252E+01   .516414762271E+01
  62    97   .338189770392E+01   .467023965209E+01
  62    98   .326143466532E+01   .450388593334E+01
  62    99   .363617237377E+01   .502138086025E+01
  62   100   .317442625257E+01   .438373145947E+01
  63    64   .103696801164E+01   .143200343413E+01
  63    65   .209777820960E+01   .289693179199E+01
  63    66   .324922164616E+01   .448702033557E+01
  63    67   .373730728206E+01   .516104335163E+01
  63    68   .491125733756E+01   .678221246400E+01
  63    69   .505095012619E+01   .697512155163E+01
  63    70   .269890693956E+01   .372706193680E+01
  63    71   .483930803957E+01   .668285391035E+01
  63    72   .473736365257E+01   .654207356743E+01
  63    73   .591889788504E+01   .817371606696E+01
  63    74   .113176215227E+01   .156290962737E+01
  63    75   .210566304526E+01   .290782037448E+01
  63    76   .260355639910E+01   .359538738190E+01
  63    77   .337378490709E+01   .465903626607E+01
  63    78   .305369879343E+01   .421701258855E+01
  63    79   .304961443110E+01   .421137227870E+01
  63    80   .208198317767E+01   .287511960520E+01
  63    81   .266125960994E+01   .367507276770E+01
  63    82   .363320520274E+01   .501728333838E+01
  63    83   .387760724860E+01   .535479092305E+01
  63    85   .409210784533E+01   .565100603064E+01
  63    86   .356086751531E+01   .491738843742E+01
  63    87   .238845622287E+01   .329834428356E+01
  63    88   .317308753301E+01   .438188275151E+01
  63    89   .324349487559E+01   .447911193817E+01
  63    90   .396323983702E+01   .547304544904E+01
  63    93   .379958242586E+01   .524704235910E+01
  63    94   .390393912455E+01   .539115398956E+01
  63    95   .406195531749E+01   .560936682584E+01
  63    97   .380923377224E+01   .526037040876E+01
  63    98   .245557676747E+01   .339103455876E+01
  63   100   .340085638522E+01   .469642068797E+01
  64    65   .260127061292E+01   .359223082004E+01
  64    66   .383958800987E+01   .530228816518E+01
  64    67   .452274801683E+01   .624569959645E+01
  64    68   .570567564662E+01   .787926631130E+01
  64    69   .588637786614E+01   .812880746977E+01
  64    70   .280348588606E+01   .387148048090E+01
  64    71   .575770298774E+01   .795111359138E+01
  64    72   .549229677706E+01   .758460025550E+01
  64    73   .674533334994E+01   .931498408154E+01
  64    74   .186838831235E+01   .258015526954E+01
  64    75   .235228094324E+01   .324838794539E+01
  64    76   .238882783352E+01   .329885746017E+01
  64    77   .292746123421E+01   .404268453185E+01
  64    78   .352164348860E+01   .486322192475E+01
  64    79   .379508627099E+01   .524083338337E+01
  64    80   .301235924081E+01   .415992463534E+01
  64    81   .246593815279E+01   .340534313838E+01
  64    82   .320327335371E+01   .442356793217E+01
  64    83   .313593917526E+01   .433058263881E+01
  64    84   .407759726633E+01   .563096761217E+01
  64    85   .381314298444E+01   .526576884463E+01
  64    86   .348623166498E+01   .481431988296E+01
  64    87   .247746263703E+01   .342125790221E+01
  64    88   .298851708847E+01   .412699975854E+01
  64    89   .235142438957E+01   .324720508557E+01
  64    90   .295602684900E+01   .408213228532E+01
  64    91   .337721539182E+01   .466377360208E+01
  64    92   .418256347540E+01   .577592094744E+01
  64    93   .285968029976E+01   .394908228973E+01
  64    94   .316860805968E+01   .437569681221E+01
  64    95   .352904356069E+01   .487344107185E+01
  64    97   .335271109327E+01   .462993433291E+01
  64    98   .161550214949E+01   .223093152340E+01
  64    99   .397094958254E+01   .548369224040E+01
  64   100   .285449960038E+01   .394192799064E+01
  65    66   .127895621111E+01   .176617761190E+01
  65    67   .210858757832E+01   .291185901536E+01
  65    68   .324565707740E+01   .448209783589E+01
  65    69   .364420058563E+01   .503246743845E+01
  65    70   .210987585102E+01   .291363805859E+01
  65    71   .375672776274E+01   .518786211047E+01
  65    72   .332220840351E+01   .458781157118E+01
  65    73   .447492324503E+01   .617965586444E+01
  65    74   .285220117980E+01   .393875398129E+01
  65    75   .394316741653E+01   .544532639238E+01
  65    76   .424103498948E+01   .585666732343E+01
  65    77   .510365918903E+01   .704791025693E+01
  65    78   .457819645197E+01   .632227124441E+01
  65    79   .440604480509E+01   .608453801952E+01
  65    80   .316863956939E+01   .437574032561E+01
  65    81   .376933648158E+01   .520527415064E+01
  65    86   .323405063155E+01   .446606988698E+01
  65    87   .319543807259E+01   .441274778213E+01
  65    88   .275866411453E+01   .380958374925E+01
  65    89   .407566668674E+01   .562830157371E+01
  65    94   .368238536281E+01   .508519879703E+01
  65    95   .346814527816E+01   .478934344421E+01
  65    96   .379144300245E+01   .523580220304E+01
  65    97   .344979707724E+01   .476400545265E+01
  65    98   .329416066147E+01   .454907897531E+01
  65    99   .368974072465E+01   .509535620140E+01
  65   100   .351170578714E+01   .484949843235E+01
  66    67   .128192945188E+01   .177028351579E+01
  66    68   .211940790256E+01   .292680136777E+01
  66    69   .257193131952E+01   .355171465327E+01
  66    70   .253120436254E+01   .349547266547E+01
  66    71   .290174204858E+01   .400716756148E+01
  66    72   .227144046683E+01   .313675109783E+01
  66    73   .333899039911E+01   .461098670778E+01
  66    74   .388793073816E+01   .536904717043E+01
  66    75   .504866822735E+01   .697197035802E+01
  66    76   .545391671433E+01   .753159921689E+01
  66    77   .635099544357E+01   .877042221484E+01
  66    78   .552121126844E+01   .762452979093E+01
  66    79   .514844396641E+01   .710975590143E+01
  66    80   .388386507887E+01   .536343268859E+01
  66    86   .410660821676E+01   .567103035295E+01
  66    88   .370624812620E+01   .511815213671E+01
  66    95   .406348922969E+01   .561148508552E+01
  66    96   .410059292425E+01   .566272352049E+01
  66    97   .401202169638E+01   .554041087339E+01
  66    99   .400468167091E+01   .553027464781E+01
  67    68   .128053420273E+01   .176835674317E+01
  67    69   .203708937578E+01   .281312340305E+01
  67    70   .366485311149E+01   .506098759300E+01
  67    71   .220822069729E+01   .304944760720E+01
  67    72   .220840921388E+01   .304970793963E+01
  67    73   .280288114363E+01   .387064536040E+01
  67    74   .403282182092E+01   .556913485468E+01
  67    75   .516403220330E+01   .713128251411E+01
  67    76   .570391578874E+01   .787683603139E+01
  67    77   .668650792961E+01   .923374897787E+01
  67    78   .533848585300E+01   .737219469526E+01
  67    79   .483335235634E+01   .667462939547E+01
  67    80   .366228942677E+01   .505744726651E+01
  68    69   .121196864436E+01   .167367097278E+01
  68    70   .441027665010E+01   .609038199591E+01
  68    71   .171426590733E+01   .236731956893E+01
  68    72   .171410249245E+01   .236709390077E+01
  68    73   .171403374652E+01   .236699896592E+01
  68    74   .520688846161E+01   .719046496563E+01
  68    75   .636091914821E+01   .878412637829E+01
  68    76   .696561973917E+01   .961918909301E+01
  68    77   .794828159755E+01   .109761983160E+02
  68    78   .646680177108E+01   .893034523737E+01
  68    79   .582737814029E+01   .804733165847E+01
  68    80   .470785688890E+01   .650132613218E+01
  69    70   .430566246102E+01   .594591478348E+01
  69    71   .873856004673E+00   .120675352140E+01
  69    72   .873448952198E+00   .120619140132E+01
  69    73   .873608888290E+00   .120641226545E+01
  69    74   .536160585899E+01   .740412232235E+01
  69    75   .656424687449E+01   .906491228395E+01
  69    76   .732065212737E+01   .101094719112E+02
  69    77   .826796407518E+01   .114176645914E+02
  69    78   .670617047565E+01   .926090201745E+01
  69    79   .589849306412E+01   .814553798113E+01
  69    80   .479817803413E+01   .662605533183E+01
  70    71   .447754270388E+01   .618327321236E+01
  70    72   .360874198320E+01   .498350079736E+01
  70    73   .502441218617E+01   .693847392045E+01
  70    74   .375582807659E+01   .518661968674E+01
  70    75   .478739319245E+01   .661116197915E+01
  70    76   .512271844843E+01   .707423018638E+01
  70    77   .573089268324E+01   .791408983781E+01
  70    78   .571301719846E+01   .788940464473E+01
  70    79   .545133138485E+01   .752802900001E+01
  70    80   .428146691638E+01   .591250188875E+01
  70    88   .418738249322E+01   .578257578152E+01
  70    93   .365181400993E+01   .504298121480E+01
  70    94   .332155481875E+01   .458690900174E+01
  70    95   .257935662192E+01   .356196864222E+01
  70    96   .302437588952E+01   .417651905486E+01
  70    97   .193277283627E+01   .266906723049E+01
  70    98   .374053284321E+01   .516549769795E+01
  70    99   .194138684823E+01   .268096277074E+01
  70   100   .195607722275E+01   .270124947826E+01
  71    72   .142687940168E+01   .197045249262E+01
  71    73   .142635562400E+01   .196972918059E+01
  71    74   .499363646938E+01   .689597412138E+01
  71    75   .616310962137E+01   .851096084323E+01
  71    76   .703178849092E+01   .971056498761E+01
  71    77   .798128177104E+01   .110217699839E+02
  71    78   .620310337477E+01   .856619031180E+01
  71    79   .529366202822E+01   .731029512817E+01
  71    80   .428356492555E+01   .591539913949E+01
  72    73   .142649957074E+01   .196992796418E+01
  72    74   .520536473607E+01   .718836077324E+01
  72    75   .643743877200E+01   .888979633417E+01
  72    76   .715926666175E+01   .988660626984E+01
  72    77   .805750281688E+01   .111270276178E+02
  72    78   .673908026374E+01   .930634886733E+01
  72    79   .597424738530E+01   .825015109056E+01
  72    80   .480661896638E+01   .663771185722E+01
  73    74   .622419608794E+01   .859531834406E+01
  73    75   .742241333424E+01   .102499992911E+02
  73    76   .819069922964E+01   .113109655198E+02
  73    77   .914049152487E+01   .126225834417E+02
  73    78   .752657557687E+01   .103938423870E+02
  73    79   .667931146193E+01   .922381099877E+01
  73    80   .562004580894E+01   .776101558394E+01
  74    75   .123697580260E+01   .170820466725E+01
  74    76   .215971205000E+01   .298245947573E+01
  74    77   .303331200874E+01   .418885940989E+01
  74    78   .195859200260E+01   .270472226946E+01
  74    79   .195871322594E+01   .270488967311E+01
  74    80   .122476638294E+01   .169134404021E+01
  74    81   .243258562439E+01   .335928488521E+01
  74    82   .361356930239E+01   .499016709524E+01
  74    83   .413958615346E+01   .571657131282E+01
  74    84   .511756550627E+01   .706711421869E+01
  74    85   .417427409732E+01   .576447371113E+01
  74    86   .377110196981E+01   .520771220579E+01
  74    87   .213438876880E+01   .294748923052E+01
  74    88   .361418394120E+01   .499101588216E+01
  74    89   .376371391843E+01   .519750965873E+01
  74    98   .305785315639E+01   .422274956592E+01
  75    76   .128526094520E+01   .177488414940E+01
  75    77   .204014437770E+01   .281734221518E+01
  75    78   .126849484954E+01   .175173096984E+01
  75    79   .196330410340E+01   .271122945622E+01
  75    80   .202227676237E+01   .279266788944E+01
  75    81   .202642771511E+01   .279840015747E+01
  75    82   .320785498444E+01   .442989494600E+01
  75    83   .378904718923E+01   .523249369911E+01
  75    84   .465460510622E+01   .642778795665E+01
  75    85   .405653187530E+01   .560187731048E+01
  75    86   .400994411683E+01   .553754183498E+01
  75    87   .208958455593E+01   .288561674653E+01
  75    88   .398116138519E+01   .549779425348E+01
  75    89   .364939410574E+01   .503963944236E+01
  75    98   .314180865885E+01   .433868811609E+01
  76    77   .103346835979E+01   .142717058162E+01
  76    78   .212918527634E+01   .294030345527E+01
  76    79   .314176194503E+01   .433862360653E+01
  76    80   .312248972377E+01   .431200958688E+01
  76    81   .111988194355E+01   .154650362497E+01
  76    82   .207830803915E+01   .287004441394E+01
  76    83   .262939027907E+01   .363106273968E+01
  76    84   .342706423249E+01   .473261247679E+01
  76    85   .314268654741E+01   .433990043838E+01
  76    86   .341907222976E+01   .472157590168E+01
  76    87   .167143980848E+01   .230817876620E+01
  76    88   .342838980807E+01   .473444303354E+01
  76    89   .272987517184E+01   .376982759059E+01
  76    90   .373756602218E+01   .516140065941E+01
  76    91   .392449305179E+01   .541953798412E+01
  76    98   .244225230400E+01   .337263410934E+01
  77    78   .284245736840E+01   .392529824184E+01
  77    79   .389940143651E+01   .538488765851E+01
  77    80   .402718753262E+01   .556135417089E+01
  77    81   .188648535343E+01   .260514642133E+01
  77    82   .236732001582E+01   .326915618833E+01
  77    83   .256920561579E+01   .354795058624E+01
  77    84   .311851910413E+01   .430652635028E+01
  77    85   .361965202631E+01   .499856704726E+01
  77    86   .413144042810E+01   .570532245407E+01
  77    87   .260632644928E+01   .359921268926E+01
  77    88   .410756755110E+01   .567235514798E+01
  77    89   .276391735525E+01   .381683822447E+01
  77    90   .357043105741E+01   .493059523357E+01
  77    91   .347169156076E+01   .479424069157E+01
  77    98   .274649353588E+01   .379277675980E+01
  78    79   .126585993887E+01   .174809228371E+01
  78    80   .197546463953E+01   .272802257742E+01
  78    81   .266121095675E+01   .367500557996E+01
  78    82   .381502155306E+01   .526836305841E+01
  78    83   .466789604288E+01   .644614210714E+01
  78    84   .549176648804E+01   .758386795163E+01
  78    85   .450867746395E+01   .622626883308E+01
  78    86   .445605529278E+01   .615360012104E+01
  78    87   .254923408124E+01   .352037084825E+01
  78    88   .462339397668E+01   .638468687331E+01
  79    80   .127784377617E+01   .176464139224E+01
  79    81   .360251989542E+01   .497490839049E+01
  79    82   .481841677459E+01   .665400406845E+01
  79    83   .561200287065E+01   .774990866925E+01
  79    84   .651074953554E+01   .899103500689E+01
  79    85   .537554594433E+01   .742337291626E+01
  79    86   .507202922877E+01   .700423078831E+01
  79    87   .329593619909E+01   .455153090820E+01
  79    88   .515934389002E+01   .712480817677E+01
  80    81   .332360159460E+01   .458973550172E+01
  80    82   .452537690205E+01   .624932996172E+01
  80    83   .522768635363E+01   .721918586392E+01
  80    84   .621091867386E+01   .857698286761E+01
  80    85   .491271716628E+01   .678422841793E+01
  80    86   .437598120780E+01   .604302162356E+01
  80    87   .284371626631E+01   .392703671988E+01
  80    88   .433907162885E+01   .599205125300E+01
  81    82   .123214543757E+01   .170153416320E+01
  81    83   .212636722212E+01   .293641185661E+01
  81    84   .303150100984E+01   .418635850667E+01
  81    85   .206650688408E+01   .285374758088E+01
  81    86   .232275311877E+01   .320761142618E+01
  81    87   .822245450068E+00   .113548180366E+01
  81    88   .242685683083E+01   .335137369417E+01
  81    89   .238653284890E+01   .329568819572E+01
  81    90   .357658990953E+01   .493910031499E+01
  81    91   .411424232793E+01   .568157269686E+01
  81    92   .514296963269E+01   .710219610730E+01
  81    93   .419717650079E+01   .579610083950E+01
  81    94   .436813506266E+01   .603218647083E+01
  81    95   .518065403807E+01   .715423647624E+01
  81    96   .590582503332E+01   .815566308139E+01
  81    97   .541748838030E+01   .748129342264E+01
  81    98   .207206276193E+01   .286141998356E+01
  81    99   .609742903130E+01   .842025907666E+01
  81   100   .506708354202E+01   .699740103047E+01
  82    83   .128649887854E+01   .177659367638E+01
  82    84   .203317502365E+01   .280771786919E+01
  82    85   .129314310664E+01   .178576903891E+01
  82    86   .212275795774E+01   .293142763442E+01
  82    87   .177306412010E+01   .244851710025E+01
  82    88   .228770419341E+01   .315921052962E+01
  82    89   .204949844883E+01   .283025974190E+01
  82    90   .322080867391E+01   .444778337418E+01
  82    91   .390512243417E+01   .539278808379E+01
  82    92   .491634901847E+01   .678924383281E+01
  82    93   .405042192060E+01   .559343975406E+01
  82    94   .416914562519E+01   .575739153538E+01
  82    95   .519282716516E+01   .717104698496E+01
  82    96   .586490871868E+01   .809915959968E+01
  82    97   .564218967046E+01   .779159520202E+01
  82    98   .212761073661E+01   .293812909090E+01
  82    99   .637849421610E+01   .880839670996E+01
  82   100   .537034752626E+01   .741619414849E+01
  83    84   .102967863774E+01   .142193715597E+01
  83    85   .209412000892E+01   .289187999108E+01
  83    86   .281901498209E+01   .389292542289E+01
  83    87   .272524314732E+01   .376343098535E+01
  83    88   .264727303837E+01   .365575797853E+01
  83    89   .111796332294E+01   .154385410130E+01
  83    90   .207099884262E+01   .285995076167E+01
  83    91   .279452952994E+01   .385911217968E+01
  83    92   .375736048526E+01   .518873587013E+01
  83    93   .308515992186E+01   .426045890844E+01
  83    94   .340339651305E+01   .469992848352E+01
  83    95   .456717402988E+01   .630704980449E+01
  83    96   .530787015952E+01   .732991588077E+01
  83    97   .505813505461E+01   .698504359557E+01
  83    98   .167095700907E+01   .230751204321E+01
  83    99   .585142157527E+01   .808053449701E+01
  83   100   .476268638929E+01   .657704306074E+01
  84    85   .270674409547E+01   .373788467584E+01
  84    86   .361482765742E+01   .499190482361E+01
  84    87   .367789509932E+01   .507899795701E+01
  84    88   .349987359822E+01   .483315874301E+01
  84    89   .186805141667E+01   .257969003265E+01
  84    90   .233359605621E+01   .322258500635E+01
  84    91   .286854454462E+01   .396132338968E+01
  84    92   .370196578740E+01   .511223843079E+01
  84    93   .350995808239E+01   .484708493533E+01
  84    94   .391670861487E+01   .540878804750E+01
  84    95   .516175586882E+01   .712813900461E+01
  84    96   .587381232926E+01   .811145506182E+01
  84    97   .571797849860E+01   .789625596391E+01
  84    98   .259300109827E+01   .358081101419E+01
  84    99   .652770877534E+01   .901445490930E+01
  84   100   .543180694237E+01   .750106667488E+01
  85    86   .120375283092E+01   .166232532573E+01
  85    87   .211372544282E+01   .291895416152E+01
  85    88   .165747837759E+01   .228889869511E+01
  85    89   .272645148383E+01   .376509964051E+01
  85    90   .384155072012E+01   .530499857456E+01
  85    91   .479117652460E+01   .661638658064E+01
  85    92   .574597684544E+01   .793492034736E+01
  85    93   .445852568166E+01   .615701161044E+01
  85    94   .419879612533E+01   .579833746385E+01
  85    95   .515809613165E+01   .712308508190E+01
  85    96   .563143545306E+01   .777674414000E+01
  85    97   .577650877296E+01   .797708348506E+01
  85    98   .270838654672E+01   .374015282278E+01
  85    99   .645106762767E+01   .890861713472E+01
  85   100   .568418642804E+01   .784959072396E+01
  86    87   .195869323271E+01   .270486206341E+01
  86    88   .806318624327E+00   .111348761590E+01
  86    89   .302920609819E+01   .418318934299E+01
  86    90   .411404749726E+01   .568130364499E+01
  86    91   .516820547318E+01   .713704560105E+01
  86    92   .609161099079E+01   .841222463982E+01
  86    93   .439642496506E+01   .607125347861E+01
  86    94   .389177767209E+01   .537435960296E+01
  86    95   .461101075794E+01   .636758623803E+01
  86    96   .497654462820E+01   .687237110278E+01
  86    97   .520067101362E+01   .718187896609E+01
  86    98   .271192462820E+01   .374503874478E+01
  86    99   .578168786704E+01   .798423556730E+01
  86   100   .520764571980E+01   .719151070312E+01
  87    88   .212188473540E+01   .293022175595E+01
  87    89   .285006307080E+01   .393580135460E+01
  87    90   .404107135021E+01   .558052706170E+01
  87    91   .469622554541E+01   .648526380082E+01
  87    92   .570296207108E+01   .787551899272E+01
  87    93   .446252387494E+01   .616253292491E+01
  87    94   .443877637244E+01   .612973875505E+01
  87    95   .510747805694E+01   .705318393162E+01
  87    96   .574710998395E+01   .793648515768E+01
  87    97   .533552192529E+01   .736810165226E+01
  87    98   .235743947013E+01   .325551162533E+01
  87    99   .594694380794E+01   .821244615068E+01
  87   100   .506085111977E+01   .698879435219E+01
  88    89   .257413639336E+01   .355475975521E+01
  88    90   .355700617516E+01   .491205611059E+01
  88    91   .466900421778E+01   .644767244389E+01
  88    92   .554249354619E+01   .765391960284E+01
  88    93   .368371454729E+01   .508703433749E+01
  88    94   .311552219152E+01   .430238775671E+01
  88    95   .380594704221E+01   .525583159114E+01
  88    96   .419961872457E+01   .579947343422E+01
  88    97   .440526179332E+01   .608345671754E+01
  88    98   .218424004226E+01   .301633146479E+01
  88    99   .499550523392E+01   .689855479620E+01
  88   100   .443605552729E+01   .612598139747E+01
  89    90   .122868716021E+01   .169675844688E+01
  89    91   .214091778278E+01   .295650548785E+01
  89    92   .308711669665E+01   .426316112123E+01
  89    93   .204486351124E+01   .282385911384E+01
  89    94   .249123113469E+01   .344027154170E+01
  89    95   .359285843967E+01   .496156638027E+01
  89    96   .442423743652E+01   .610966117701E+01
  89    97   .399075700623E+01   .551104534911E+01
  89    98   .822508856220E+00   .113584555501E+01
  89    99   .479398356581E+01   .662026297086E+01
  89   100   .365689599900E+01   .504999919964E+01
  90    91   .129314310664E+01   .178576903891E+01
  90    92   .202019249923E+01   .278978962132E+01
  90    93   .127579298989E+01   .176180935406E+01
  90    94   .217794053408E+01   .300763214403E+01
  90    95   .328912510618E+01   .454212511329E+01
  90    96   .416997771151E+01   .575854060695E+01
  90    97   .365636187293E+01   .504926159699E+01
  90    98   .177137777911E+01   .244618834367E+01
  90    99   .447670718143E+01   .618211939564E+01
  90   100   .329561002931E+01   .455108048326E+01
  91    92   .103613685483E+01   .143085564617E+01
  91    93   .207049828624E+01   .285925951715E+01
  91    94   .326482035346E+01   .450856140740E+01
  91    95   .418291806855E+01   .577641062369E+01
  91    96   .513280117148E+01   .708815394668E+01
  91    97   .428368780686E+01   .591556883272E+01
  91    98   .261887201352E+01   .361653751593E+01
  91    99   .507069500117E+01   .700238828355E+01
  91   100   .373637147688E+01   .515975104925E+01
  92    93   .240891278377E+01   .332659381984E+01
  92    94   .363800743164E+01   .502391498777E+01
  92    95   .441488291554E+01   .609674302909E+01
  92    96   .532689252514E+01   .735618486168E+01
  92    97   .444730701711E+01   .614151916902E+01
  92    98   .354198011621E+01   .489130583886E+01
  92    99   .517661423011E+01   .714865769387E+01
  92   100   .391452673564E+01   .540577497621E+01
  93    94   .127730445842E+01   .176389662010E+01
  93    95   .212745336779E+01   .293791177205E+01
  93    96   .306267411049E+01   .422940707392E+01
  93    97   .243545090710E+01   .336324170417E+01
  93    98   .213401318955E+01   .294697057346E+01
  93    99   .324552902734E+01   .448192100485E+01
  93   100   .215246112296E+01   .297244629084E+01
  94    95   .127867453729E+01   .176578863378E+01
  94    96   .202017154270E+01   .278976068135E+01
  94    97   .210061194379E+01   .290084504393E+01
  94    98   .240260926685E+01   .331788896320E+01
  94    99   .283119493406E+01   .390974535643E+01
  94   100   .225091210311E+01   .310840240529E+01
  95    96   .102168624112E+01   .141090003690E+01
  95    97   .110091991240E+01   .152031796311E+01
  95    98   .330307932646E+01   .456139522687E+01
  95    99   .165069939335E+01   .227953724075E+01
  95   100   .167223347503E+01   .230927478190E+01
  96    97   .177824032834E+01   .245566519730E+01
  96    98   .413962186296E+01   .571662062594E+01
  96    99   .190366815860E+01   .262887505686E+01
  96   100   .253356046548E+01   .349872633141E+01
  97    98   .359507303175E+01   .496462462646E+01
  97    99   .822278058662E+00   .113552683458E+01
  97   100   .823376556001E+00   .113704380708E+01
  98    99   .435949513869E+01   .602025514733E+01
  98   100   .325740152796E+01   .449831636273E+01
  99   100   .144265299228E+01   .199223506995E+01
