   1     2   .128751248309E+01   .163865224228E+01
   1     3   .219059010654E+01   .278802375678E+01
   1     4   .264055449648E+01   .336070570451E+01
   1     5   .214680144496E+01   .273229273326E+01
   1     6   .336215226855E+01   .427910286395E+01
   1     7   .395200290597E+01   .502982185295E+01
   1     8   .472938446552E+01   .601921655972E+01
   1     9   .915692754755E+00   .116542713607E+01
   1    10   .915208464289E+00   .116481076639E+01
   1    11   .914834814544E+00   .116433521217E+01
   1    12   .304711154804E+01   .387814194913E+01
   1    13   .415073361682E+01   .528275184720E+01
   1    14   .427674098382E+01   .544312485887E+01
   1    15   .409455499978E+01   .521125178953E+01
   1    16   .513309711802E+01   .653303266010E+01
   1    17   .548447278058E+01   .698023804639E+01
   1    18   .628116213124E+01   .799420630534E+01
   1    19   .655188989939E+01   .833876891747E+01
   1    20   .318560244065E+01   .405440308421E+01
   2     3   .135337105568E+01   .172247224331E+01
   2     4   .206399099697E+01   .262689761821E+01
   2     5   .134567567855E+01   .171267812701E+01
   2     6   .226109061100E+01   .287775167107E+01
   2     7   .289823695705E+01   .368866519799E+01
   2     8   .351598558156E+01   .447489071582E+01
   2     9   .181180375119E+01   .230593203441E+01
   2    10   .181164324811E+01   .230572775777E+01
   2    11   .181117020492E+01   .230512570281E+01
   2    12   .224656365616E+01   .285926281955E+01
   2    13   .344598203158E+01   .438579528905E+01
   2    14   .394320469775E+01   .501862413346E+01
   2    15   .404300273644E+01   .514563981837E+01
   2    16   .440915603898E+01   .561165310998E+01
   2    17   .454418521712E+01   .578350842667E+01
   2    18   .558701973577E+01   .711075235228E+01
   2    19   .567253052901E+01   .721958427035E+01
   2    20   .239135139226E+01   .304353811904E+01
   3     4   .107592515755E+01   .136935928398E+01
   3     5   .221517326625E+01   .281931141443E+01
   3     6   .275076486842E+01   .350097344984E+01
   3     7   .358701937035E+01   .456529735559E+01
   3     8   .367887250718E+01   .468220134729E+01
   3     9   .237733820818E+01   .302570315757E+01
   3    10   .237740058704E+01   .302578254885E+01
   3    11   .298245464164E+01   .379585134142E+01
   3    12   .118191732051E+01   .150425839973E+01
   3    13   .217418831567E+01   .276714875034E+01
   3    14   .269577842641E+01   .343099070585E+01
   3    15   .302090286657E+01   .384478544561E+01
   3    16   .330632068757E+01   .420804448855E+01
   3    17   .365239959409E+01   .464850854900E+01
   3    18   .436775987265E+01   .555896708038E+01
   3    19   .490133197889E+01   .623805884827E+01
   3    20   .176544516216E+01   .224693019416E+01
   3    21   .337593854054E+01   .429664902821E+01
   3    22   .433531650768E+01   .551767552520E+01
   3    30   .351364838014E+01   .447191609584E+01
   4     5   .318503124070E+01   .405367610246E+01
   4     6   .364917167735E+01   .464440029135E+01
   4     7   .418686883650E+01   .532874212654E+01
   4     8   .401973704246E+01   .511602893528E+01
   4     9   .243219583637E+01   .309552195671E+01
   4    10   .294462478724E+01   .374770425428E+01
   4    11   .345711918303E+01   .439996984536E+01
   4    12   .195059082352E+01   .248257012551E+01
   4    13   .241631672435E+01   .307531217789E+01
   4    14   .261004277236E+01   .332187260128E+01
   4    15   .310909131955E+01   .395702529426E+01
   4    16   .374631504697E+01   .476803730656E+01
   4    17   .425567828427E+01   .541631778686E+01
   4    18   .456107668750E+01   .580500666158E+01
   4    19   .557312950308E+01   .709307387441E+01
   4    20   .271659592641E+01   .345748570570E+01
   4    21   .291576603956E+01   .371097493924E+01
   4    22   .377695929390E+01   .480703907516E+01
   4    25   .419652164367E+01   .534102751741E+01
   4    30   .295350131180E+01   .375900164910E+01
   5     6   .134728460240E+01   .171472584827E+01
   5     7   .245183193385E+01   .312051335337E+01
   5     8   .342328212770E+01   .435690450245E+01
   5     9   .294888893765E+01   .375313135477E+01
   5    10   .234363050635E+01   .298280244639E+01
   5    11   .230700942357E+01   .293619379584E+01
   5    12   .252898497279E+01   .321870812967E+01
   5    13   .381622692816E+01   .485701606394E+01
   5    14   .456144960385E+01   .580548128239E+01
   5    15   .458609618392E+01   .583684965686E+01
   5    16   .440986501854E+01   .561255544759E+01
   5    17   .424156240280E+01   .539835211964E+01
   5    18   .570982480098E+01   .726704970715E+01
   5    19   .515372074823E+01   .655928091659E+01
   5    20   .219512821251E+01   .279379952799E+01
   6     7   .159354491354E+01   .202814806074E+01
   6     8   .241691980711E+01   .307607973776E+01
   6     9   .404892409817E+01   .515317609689E+01
   6    10   .364363477743E+01   .463735332786E+01
   6    11   .351307397679E+01   .447118503704E+01
   6    12   .284614516984E+01   .362236656008E+01
   6    13   .397530287977E+01   .505947636490E+01
   6    14   .501873028276E+01   .638747487057E+01
   6    15   .527185468660E+01   .670963320097E+01
   6    16   .439653752303E+01   .559559318068E+01
   6    17   .384979926593E+01   .489974449360E+01
   6    18   .563986083760E+01   .717800466333E+01
   6    19   .470992090099E+01   .599444475046E+01
   6    20   .247378174860E+01   .314844948108E+01
   7     8   .155922044997E+01   .198446238008E+01
   7     9   .447019741848E+01   .568934213801E+01
   7    10   .452388598512E+01   .575767304063E+01
   7    11   .390339919927E+01   .496796259022E+01
   7    12   .403436555488E+01   .513464704190E+01
   7    13   .509095357586E+01   .647939542492E+01
   7    14   .610121651107E+01   .776518460818E+01
   7    15   .647225255374E+01   .823741229629E+01
   7    16   .569305036485E+01   .724570042492E+01
   7    17   .510974970119E+01   .650331776611E+01
   7    18   .683354345586E+01   .869723707830E+01
   7    19   .602711250194E+01   .767087041526E+01
   7    20   .389066363114E+01   .495175368541E+01
   8     9   .505819799019E+01   .643770649793E+01
   8    10   .530775224189E+01   .675532099837E+01
   8    11   .491474959395E+01   .625513581280E+01
   8    12   .403427495305E+01   .513453173048E+01
   8    13   .477588138394E+01   .607839445556E+01
   8    14   .587186396509E+01   .747328136945E+01
   8    15   .648417693826E+01   .825258878560E+01
   8    16   .539932791893E+01   .687187185942E+01
   8    17   .476005545351E+01   .605825236241E+01
   8    18   .632930591640E+01   .805548021339E+01
   8    19   .577062066719E+01   .734442626372E+01
   8    20   .409764193809E+01   .521518062009E+01
   9    10   .149483821226E+01   .190252135070E+01
   9    11   .149448719259E+01   .190207459840E+01
   9    12   .337452234567E+01   .429484659838E+01
   9    13   .430160248958E+01   .547476677513E+01
   9    14   .422595178695E+01   .537848406321E+01
   9    15   .409069598533E+01   .520634031663E+01
   9    16   .543314032750E+01   .691490583373E+01
   9    17   .591801415036E+01   .753201796856E+01
   9    18   .646285428301E+01   .822545086088E+01
   9    19   .706706152482E+01   .899444189173E+01
   9    20   .371196445683E+01   .472431837389E+01
  10    11   .149393031404E+01   .190136584388E+01
  10    12   .293034715560E+01   .372953272319E+01
  10    13   .397298843616E+01   .505653070940E+01
  10    14   .397795666870E+01   .506285391443E+01
  10    15   .359121499688E+01   .457063724388E+01
  10    16   .482017653860E+01   .613477010664E+01
  10    17   .528192994339E+01   .672245625500E+01
  10    18   .597408118592E+01   .760337601342E+01
  10    19   .625129914803E+01   .795619887238E+01
  10    20   .296426743665E+01   .377270398974E+01
  11    12   .381937894754E+01   .486102772496E+01
  11    13   .498977391694E+01   .635062131427E+01
  11    14   .517975693673E+01   .659241788359E+01
  11    15   .496537683564E+01   .631957048369E+01
  11    16   .590762734112E+01   .751879839323E+01
  11    17   .614156957290E+01   .781654305023E+01
  11    18   .710306462899E+01   .904026402405E+01
  11    19   .714856068430E+01   .909816809413E+01
  11    20   .383708468921E+01   .488356230514E+01
  12    13   .129367602892E+01   .164649675512E+01
  12    14   .217660204688E+01   .277022077186E+01
  12    15   .253321325765E+01   .322408958309E+01
  12    16   .217590281917E+01   .276933084569E+01
  12    17   .256302927803E+01   .326203724519E+01
  12    18   .334667136425E+01   .425939989495E+01
  12    19   .377705494042E+01   .480716080710E+01
  12    20   .862240151079E+00   .109739654995E+01
  12    21   .310199501654E+01   .394799363593E+01
  12    22   .419546957697E+01   .533968852345E+01
  12    23   .499674734060E+01   .635949658070E+01
  12    24   .578137807120E+01   .735811750511E+01
  12    25   .504516565135E+01   .642111988495E+01
  12    26   .625101273496E+01   .795583434664E+01
  12    27   .719654748038E+01   .915924219790E+01
  12    28   .765802522215E+01   .974657750242E+01
  12    29   .743095992403E+01   .945758530639E+01
  12    30   .327772123304E+01   .417164518298E+01
  12    31   .655073213710E+01   .833729540184E+01
  12    32   .793433330319E+01   .100982423309E+02
  12    33   .781125795067E+01   .994160097402E+01
  13    14   .135158088590E+01   .172019384542E+01
  13    15   .211207113857E+01   .268809052537E+01
  13    16   .136961759752E+01   .174314966008E+01
  13    17   .223823048789E+01   .284865696909E+01
  13    18   .220791667472E+01   .281007575253E+01
  13    19   .346630917531E+01   .441166619911E+01
  13    20   .186659057290E+01   .237566071622E+01
  13    21   .217238352046E+01   .276485173826E+01
  13    22   .338337010393E+01   .430610738157E+01
  13    23   .404470488858E+01   .514780619381E+01
  13    24   .469874137022E+01   .598021625682E+01
  13    25   .425035573943E+01   .540954363893E+01
  13    26   .551832516215E+01   .702332289542E+01
  13    27   .645729862811E+01   .821838002741E+01
  13    28   .675334850251E+01   .859517077460E+01
  13    29   .653111398994E+01   .831232685105E+01
  13    30   .227800319851E+01   .289927678233E+01
  13    31   .565288021762E+01   .719457478327E+01
  13    32   .695316130142E+01   .884947797182E+01
  13    33   .701629658707E+01   .892983197130E+01
  13    34   .428082701427E+01   .544832526124E+01
  13    41   .402596009950E+01   .512394918966E+01
  14    15   .108624300228E+01   .138249108628E+01
  14    16   .222683648574E+01   .283415551188E+01
  14    17   .342331289289E+01   .435694365815E+01
  14    18   .261502895068E+01   .332821864638E+01
  14    19   .448492707145E+01   .570808896896E+01
  14    20   .279435351056E+01   .355644990318E+01
  14    21   .117042150713E+01   .148962736460E+01
  14    22   .215175206662E+01   .273859352444E+01
  14    23   .282214025175E+01   .359181484631E+01
  14    24   .362503971533E+01   .461368688531E+01
  14    25   .322359916506E+01   .410276255138E+01
  14    26   .438839281548E+01   .558522718931E+01
  14    27   .546469600278E+01   .695506760205E+01
  14    28   .587269707789E+01   .747434169481E+01
  14    29   .587363923978E+01   .747554080994E+01
  14    30   .175718637635E+01   .223641901227E+01
  14    31   .506540209180E+01   .644687535447E+01
  14    32   .637178159509E+01   .810954016779E+01
  14    33   .639781547667E+01   .814267419872E+01
  14    34   .303763675067E+01   .386608311618E+01
  14    35   .414341420134E+01   .527343622755E+01
  14    40   .376388592940E+01   .479040024771E+01
  14    41   .276265317724E+01   .351610402463E+01
  15    16   .269773240592E+01   .343347758885E+01
  15    17   .391984738040E+01   .498889663882E+01
  15    18   .321158939724E+01   .408747739242E+01
  15    19   .481575915018E+01   .612914797596E+01
  15    20   .294737606236E+01   .375120587713E+01
  15    21   .196922471273E+01   .250628598438E+01
  15    22   .243010116612E+01   .309285601278E+01
  15    23   .286407069948E+01   .364518087040E+01
  15    24   .382969267652E+01   .487415428904E+01
  15    25   .369138068650E+01   .469812084816E+01
  15    26   .464602883267E+01   .591312757303E+01
  15    27   .585999012406E+01   .745816920822E+01
  15    28   .639929787949E+01   .814456089320E+01
  15    29   .658034122750E+01   .837497969851E+01
  15    30   .273244592099E+01   .347765842596E+01
  15    31   .583620480049E+01   .742789697837E+01
  15    32   .712067248253E+01   .906267401935E+01
  15    33   .710689538569E+01   .904513953255E+01
  15    34   .266325411270E+01   .338959612499E+01
  15    35   .371775016625E+01   .473168200402E+01
  15    38   .377736820940E+01   .480755951307E+01
  15    40   .320652258328E+01   .408102872014E+01
  15    41   .212901992749E+01   .270966171114E+01
  16    17   .134302647055E+01   .170930640776E+01
  16    18   .134239262862E+01   .170849969986E+01
  16    19   .226469227421E+01   .288233560603E+01
  16    20   .223023010363E+01   .283847466189E+01
  16    21   .306307270557E+01   .389845614950E+01
  16    22   .417438109509E+01   .531284863756E+01
  16    23   .444688956919E+01   .565967760271E+01
  16    24   .496368711179E+01   .631741992608E+01
  16    25   .515665990460E+01   .656302166104E+01
  16    26   .639360633280E+01   .813731710654E+01
  16    27   .737220652202E+01   .938280824968E+01
  16    28   .751361765959E+01   .956278606016E+01
  16    29   .731768159876E+01   .931341289319E+01
  16    30   .317922858832E+01   .404629090857E+01
  16    31   .646189203093E+01   .822422617642E+01
  16    32   .761529620666E+01   .969219511936E+01
  16    33   .790526479659E+01   .100612460500E+02
  16    40   .398125510268E+01   .506705192129E+01
  16    41   .434991772246E+01   .553625888936E+01
  17    18   .219039372179E+01   .278777381256E+01
  17    19   .135826567948E+01   .172870176447E+01
  17    20   .233817938228E+01   .297586465216E+01
  17    21   .421680070266E+01   .536683722873E+01
  17    22   .541079664368E+01   .688646841811E+01
  17    23   .575638258107E+01   .732630506330E+01
  17    24   .621432076200E+01   .790913547222E+01
  17    25   .628133263801E+01   .799442331395E+01
  17    26   .756789554793E+01   .963186700857E+01
  17    27   .845845519783E+01   .107653065568E+02
  17    28   .854565728068E+01   .108762910253E+02
  17    29   .820134159174E+01   .104380710599E+02
  17    30   .416631380059E+01   .530258117189E+01
  17    31   .731783858975E+01   .931361269990E+01
  17    32   .844737419423E+01   .107512034614E+02
  17    33   .874186979900E+01   .111260160473E+02
  18    19   .272871328281E+01   .347290779558E+01
  18    20   .354570467713E+01   .451271501906E+01
  18    21   .302515754112E+01   .385020048592E+01
  18    22   .400532752840E+01   .509768955386E+01
  18    23   .399791090744E+01   .508825021814E+01
  18    24   .423904267767E+01   .539514519677E+01
  18    25   .488046589297E+01   .621150201178E+01
  18    26   .607848343254E+01   .773625159930E+01
  18    27   .698373790411E+01   .888839364776E+01
  18    28   .690854913044E+01   .879269884543E+01
  18    29   .671616855296E+01   .854785083906E+01
  18    30   .301100832295E+01   .383219239017E+01
  18    31   .591284051092E+01   .752543333657E+01
  18    32   .688268485619E+01   .875978067838E+01
  18    33   .740190093473E+01   .942060113838E+01
  18    34   .421357831467E+01   .536273600766E+01
  18    40   .374432224797E+01   .476550101694E+01
  18    41   .431131158267E+01   .548712380263E+01
  19    20   .337186628141E+01   .429146615298E+01
  19    21   .529968828895E+01   .674505778559E+01
  19    22   .640660937874E+01   .815386643766E+01
  19    23   .652558832391E+01   .830529418523E+01
  19    24   .690220113361E+01   .878461957678E+01
  19    25   .735483797131E+01   .936070282162E+01
  19    26   .860148871076E+01   .109473492087E+02
  19    27   .953117314635E+01   .121305839384E+02
  19    28   .953897470907E+01   .121405132000E+02
  19    29   .923671318832E+01   .117558167212E+02
  19    30   .530141750449E+01   .674725860536E+01
  19    31   .838112570803E+01   .106668872067E+02
  19    32   .940693594265E+01   .119724638618E+02
  19    33   .983998854576E+01   .125236217173E+02
  20    21   .382822951283E+01   .487229208073E+01
  20    22   .489379434554E+01   .622846549678E+01
  20    23   .556987011500E+01   .708892556232E+01
  20    24   .635991325955E+01   .809443501355E+01
  20    25   .583090379074E+01   .742115023873E+01
  20    26   .702008991712E+01   .893465984588E+01
  20    27   .800887262742E+01   .101931105612E+02
  20    28   .845960113941E+01   .107667650279E+02
  20    29   .825000974034E+01   .105000123396E+02
  20    30   .404487375295E+01   .514802111210E+01
  20    31   .736847649305E+01   .937806094011E+01
  20    32   .872873000744E+01   .111092926763E+02
  20    33   .865288837651E+01   .110127669647E+02
  21    22   .128544868947E+01   .163602559588E+01
  21    23   .221236026095E+01   .281573122589E+01
  21    24   .287835517574E+01   .366336111282E+01
  21    25   .212345495876E+01   .270257902371E+01
  21    26   .336940808363E+01   .428833753764E+01
  21    27   .436386961575E+01   .555401584436E+01
  21    28   .471344644907E+01   .599893181162E+01
  21    29   .470971603059E+01   .599418400631E+01
  21    30   .862292240793E+00   .109746284595E+01
  21    31   .391764556283E+01   .498609432555E+01
  21    32   .522314370133E+01   .664763740187E+01
  21    33   .525095146229E+01   .668302909744E+01
  21    34   .285720918243E+01   .363644803057E+01
  21    35   .402902107770E+01   .512784498007E+01
  21    36   .496723350383E+01   .632193351592E+01
  21    37   .555552421081E+01   .707066713892E+01
  21    38   .465141239392E+01   .591997937822E+01
  21    39   .586180294707E+01   .746047643748E+01
  21    40   .423187929738E+01   .538602816735E+01
  21    41   .282894845156E+01   .360047982784E+01
  22    23   .135387278279E+01   .172311080508E+01
  22    24   .214864538892E+01   .273463957102E+01
  22    25   .135289346985E+01   .172186440680E+01
  22    26   .229858729628E+01   .292547472479E+01
  22    27   .348574188334E+01   .443639873647E+01
  22    28   .398807816666E+01   .507573582084E+01
  22    29   .431000949656E+01   .548546660213E+01
  22    30   .186154448443E+01   .236923842184E+01
  22    31   .368785848228E+01   .469363804281E+01
  22    32   .489899566057E+01   .623508535225E+01
  22    33   .487119754876E+01   .619970593741E+01
  22    34   .214947327859E+01   .273569324877E+01
  22    35   .336709045847E+01   .428538783291E+01
  22    36   .403864379101E+01   .514009206967E+01
  22    37   .459853901400E+01   .585268598597E+01
  22    38   .424785927841E+01   .540636632492E+01
  22    39   .544368094126E+01   .692832116026E+01
  22    40   .421440527404E+01   .536378850140E+01
  22    41   .224201377878E+01   .285347206655E+01
  22    51   .432235864041E+01   .550118369421E+01
  23    24   .108711134333E+01   .138359624762E+01
  23    25   .223826906518E+01   .284870606745E+01
  23    26   .274153673246E+01   .348922854959E+01
  23    27   .394411691495E+01   .501978513717E+01
  23    28   .420632968587E+01   .535351048015E+01
  23    29   .473709984687E+01   .602903613593E+01
  23    30   .275981497960E+01   .351249177310E+01
  23    31   .425126917461E+01   .541070619278E+01
  23    32   .516624978067E+01   .657522695780E+01
  23    33   .544492014045E+01   .692989832286E+01
  23    34   .116929783047E+01   .148819723068E+01
  23    35   .214803746618E+01   .273386585117E+01
  23    36   .287748119286E+01   .366224877098E+01
  23    37   .362331502887E+01   .461149182983E+01
  23    38   .322051856583E+01   .409884178874E+01
  23    39   .428398408623E+01   .545234335280E+01
  23    40   .339359881280E+01   .431912573823E+01
  23    41   .175767020332E+01   .223703479205E+01
  23    42   .322455573265E+01   .410398000104E+01
  23    43   .429732591798E+01   .546932386585E+01
  23    51   .306178407383E+01   .389681607275E+01
  24    25   .253565400305E+01   .322719598632E+01
  24    26   .287562269333E+01   .365988340796E+01
  24    27   .383639208175E+01   .488268080474E+01
  24    28   .376201092139E+01   .478801387389E+01
  24    29   .432142385408E+01   .549999396617E+01
  24    30   .317255623329E+01   .403779882039E+01
  24    31   .394767187114E+01   .502430962683E+01
  24    32   .458995735898E+01   .584176387963E+01
  24    33   .512839645460E+01   .652704999760E+01
  24    34   .195807435961E+01   .249209462594E+01
  24    35   .240411265693E+01   .305977972854E+01
  24    36   .299941568984E+01   .381743812992E+01
  24    37   .394121497677E+01   .501609176131E+01
  24    38   .362644659183E+01   .461547745539E+01
  24    39   .443490780548E+01   .564442808534E+01
  24    40   .385237960093E+01   .490302855632E+01
  24    41   .272564144034E+01   .346899817791E+01
  24    42   .297006454168E+01   .378008212339E+01
  24    43   .404647014933E+01   .515005288930E+01
  24    46   .411346181263E+01   .523531500576E+01
  24    51   .253701024689E+01   .322892211483E+01
  25    26   .134191200120E+01   .170788799224E+01
  25    27   .224588034845E+01   .285839315520E+01
  25    28   .277866337750E+01   .353648064303E+01
  25    29   .306140782561E+01   .389633721139E+01
  25    30   .219489906915E+01   .279350789099E+01
  25    31   .250491734120E+01   .318807659872E+01
  25    32   .375263348802E+01   .477607895876E+01
  25    33   .355351388822E+01   .452265401494E+01
  25    34   .325527155005E+01   .414307285934E+01
  25    35   .433953030007E+01   .552303853366E+01
  25    36   .477084906133E+01   .607198968137E+01
  25    37   .536724590437E+01   .683104020475E+01
  25    38   .540493551626E+01   .687900880143E+01
  25    39   .651175652881E+01   .828769008247E+01
  25    40   .547189485719E+01   .696422978033E+01
  25    41   .347586544596E+01   .442382872533E+01
  26    27   .134810428494E+01   .171576908059E+01
  26    28   .225382088493E+01   .286849929249E+01
  26    29   .302988972129E+01   .385622326065E+01
  26    30   .353183843334E+01   .449506707252E+01
  26    31   .285982792969E+01   .363978098162E+01
  26    32   .377155496976E+01   .480016084448E+01
  26    33   .342979140236E+01   .436518903379E+01
  26    34   .362037637423E+01   .460775172394E+01
  26    35   .452319470639E+01   .575679323135E+01
  26    36   .456306230917E+01   .580753381642E+01
  26    37   .506428999513E+01   .644545995872E+01
  26    38   .572237078767E+01   .728301732649E+01
  26    39   .673025871819E+01   .856578377652E+01
  26    40   .608298695379E+01   .774198335359E+01
  26    41   .389922787883E+01   .496265363696E+01
  26    51   .438408564902E+01   .557974534111E+01
  27    28   .134564661685E+01   .171264113940E+01
  27    29   .216822857611E+01   .275956362730E+01
  27    30   .430251224445E+01   .547592464495E+01
  27    31   .235378748169E+01   .299572950585E+01
  27    32   .296294236716E+01   .377101753768E+01
  27    33   .235395707594E+01   .299594535307E+01
  27    34   .490367310617E+01   .624103846479E+01
  27    35   .572476763055E+01   .728606785377E+01
  27    36   .568584107371E+01   .723652496352E+01
  27    37   .621689988998E+01   .791241799872E+01
  27    38   .697929028479E+01   .888273304138E+01
  27    39   .791686557721E+01   .100760106798E+02
  27    40   .733198665016E+01   .933161932214E+01
  27    41   .523403747000E+01   .666150219829E+01
  28    29   .127576845184E+01   .162370529351E+01
  28    30   .449133673409E+01   .571624672136E+01
  28    31   .180120287113E+01   .229244000533E+01
  28    32   .180108313028E+01   .229228760788E+01
  28    33   .180110118866E+01   .229231059127E+01
  28    34   .527355521613E+01   .671179751127E+01
  28    35   .593903135245E+01   .755876713471E+01
  28    36   .597296169027E+01   .760195120079E+01
  28    37   .667860724043E+01   .850004553246E+01
  28    38   .724563824347E+01   .922172135059E+01
  28    39   .805610785541E+01   .102532281238E+02
  28    40   .753878955764E+01   .959482302114E+01
  28    41   .576779613547E+01   .734083140519E+01
  29    30   .426854911583E+01   .543269884513E+01
  29    31   .915117499070E+00   .116469499248E+01
  29    32   .915231309946E+00   .116483984268E+01
  29    33   .914971512728E+00   .116450919168E+01
  29    34   .588271813853E+01   .748709577192E+01
  29    35   .664763604784E+01   .846062765121E+01
  29    36   .688908371647E+01   .876792468233E+01
  29    37   .764554526199E+01   .973069391684E+01
  29    38   .788534774608E+01   .100358970768E+02
  29    39   .874796538956E+01   .111337740716E+02
  29    40   .797857043501E+01   .101545441347E+02
  29    41   .633675860724E+01   .806496545622E+01
  30    31   .341011367044E+01   .434014464784E+01
  30    32   .472561976110E+01   .601442511776E+01
  30    33   .479399424473E+01   .610144718736E+01
  30    34   .357104564913E+01   .454496716506E+01
  30    35   .467546651521E+01   .595059371424E+01
  30    36   .561136878502E+01   .714174205116E+01
  30    37   .627514328506E+01   .798654595570E+01
  30    38   .535699342084E+01   .681799158942E+01
  30    39   .650719189885E+01   .828188055347E+01
  30    40   .487917237485E+01   .620985571601E+01
  30    41   .364588950148E+01   .464022297663E+01
  31    32   .149443045178E+01   .190200238283E+01
  31    33   .149400806665E+01   .190146480175E+01
  31    34   .541060686157E+01   .688622687724E+01
  31    35   .627019244283E+01   .798024488380E+01
  31    36   .666888927933E+01   .848767721840E+01
  31    37   .743244652506E+01   .945947734405E+01
  31    38   .743225064189E+01   .945922803820E+01
  31    39   .836472780866E+01   .106460171531E+02
  31    40   .740415362184E+01   .942346819469E+01
  31    41   .581169544208E+01   .739670324966E+01
  32    33   .149410991644E+01   .190159442876E+01
  32    34   .631825839650E+01   .804141973360E+01
  32    35   .696939635160E+01   .887014076285E+01
  32    36   .723497459705E+01   .920814943703E+01
  32    37   .806712595285E+01   .102672511568E+02
  32    38   .821144265979E+01   .104509269647E+02
  32    39   .898008372195E+01   .114291974021E+02
  32    40   .827619885319E+01   .105333439376E+02
  32    41   .684977949528E+01   .871790112837E+01
  33    34   .657159120439E+01   .836384330552E+01
  33    35   .740074833153E+01   .941913418887E+01
  33    36   .759614931879E+01   .966782635311E+01
  33    37   .828673859722E+01   .105467581572E+02
  33    38   .863145821357E+01   .109854922120E+02
  33    39   .953936316052E+01   .121410075928E+02
  33    40   .873144148965E+01   .111127436536E+02
  33    41   .695671110343E+01   .885399590163E+01
  34    35   .128704656035E+01   .163805924971E+01
  34    36   .218074778445E+01   .277549716510E+01
  34    37   .277815666352E+01   .353583573432E+01
  34    38   .216282250176E+01   .275268316907E+01
  34    39   .333529543888E+01   .424492144456E+01
  34    40   .252748563132E+01   .321679987690E+01
  34    41   .862153477596E+00   .109728623824E+01
  34    42   .291326961453E+01   .370779767104E+01
  34    43   .402663750497E+01   .512481134207E+01
  34    44   .510472224722E+01   .649691918837E+01
  34    45   .553722050026E+01   .704737150743E+01
  34    46   .461518902151E+01   .587387690449E+01
  34    47   .562561433453E+01   .715987275044E+01
  34    48   .676928635182E+01   .861545530997E+01
  34    49   .703481975554E+01   .895340691286E+01
  34    50   .758433963999E+01   .965279585290E+01
  34    51   .298364763333E+01   .379736969448E+01
  35    36   .135174932526E+01   .172040822278E+01
  35    37   .213904560454E+01   .272242166368E+01
  35    38   .136769723850E+01   .174070556680E+01
  35    39   .221086879090E+01   .281383299129E+01
  35    40   .222729182817E+01   .283473503861E+01
  35    41   .186488133896E+01   .237348532758E+01
  35    42   .216110837111E+01   .275050154826E+01
  35    43   .336213015693E+01   .427907472189E+01
  35    44   .421174473445E+01   .536040236012E+01
  35    45   .451118129124E+01   .574150343033E+01
  35    46   .419005003634E+01   .533279092632E+01
  35    47   .530006789980E+01   .674554092666E+01
  35    48   .641224391459E+01   .816103766506E+01
  35    49   .678909348454E+01   .864066438783E+01
  35    50   .710564714107E+01   .904355085759E+01
  35    51   .227267561070E+01   .289249621606E+01
  36    37   .108667351822E+01   .138303901566E+01
  36    38   .223889606908E+01   .284950407241E+01
  36    39   .264668555614E+01   .336850887130E+01
  36    40   .342384411436E+01   .435761975820E+01
  36    41   .265032626603E+01   .337314250205E+01
  36    42   .116770595559E+01   .148617120811E+01
  36    43   .213022191568E+01   .271119151430E+01
  36    44   .300566599939E+01   .382539306931E+01
  36    45   .351050895523E+01   .446792046415E+01
  36    46   .314415380633E+01   .400165027719E+01
  36    47   .413905725716E+01   .526789102589E+01
  36    48   .530636251024E+01   .675355224900E+01
  36    49   .582207968522E+01   .740991955904E+01
  36    50   .592820628331E+01   .754498977405E+01
  36    51   .176188791281E+01   .224240278592E+01
  36    52   .367432459566E+01   .467641309630E+01
  36    60   .363249312826E+01   .462317304716E+01
  37    38   .255610054791E+01   .325321886145E+01
  37    39   .292350000556E+01   .372081816864E+01
  37    40   .383837047011E+01   .488519875355E+01
  37    41   .295005271523E+01   .375461252622E+01
  37    42   .195085819003E+01   .248291041016E+01
  37    43   .236892878859E+01   .301500025998E+01
  37    44   .307018342850E+01   .390750616046E+01
  37    45   .376975095074E+01   .479786482029E+01
  37    46   .353051998062E+01   .449338904179E+01
  37    47   .424204354991E+01   .539896448868E+01
  37    48   .549474904934E+01   .699331693383E+01
  37    49   .615336860359E+01   .783155999830E+01
  37    50   .601864941421E+01   .766009921276E+01
  37    51   .272375993899E+01   .346660353984E+01
  37    52   .339075603223E+01   .431550765389E+01
  37    57   .413460010761E+01   .526221829013E+01
  37    60   .316051801882E+01   .402247745661E+01
  38    39   .133843371794E+01   .170346108629E+01
  38    40   .134014986317E+01   .170564527111E+01
  38    41   .228376565799E+01   .290661082162E+01
  38    42   .322451502576E+01   .410392819227E+01
  38    43   .430013682879E+01   .547290138867E+01
  38    44   .488796855031E+01   .622105084836E+01
  38    45   .511344747889E+01   .650802402862E+01
  38    46   .532639300572E+01   .677904560674E+01
  38    47   .637587998568E+01   .811475630125E+01
  38    48   .751739022367E+01   .956758750532E+01
  38    49   .799133274084E+01   .101707870694E+02
  38    50   .811064609438E+01   .103226404276E+02
  38    51   .343486783791E+01   .437164995173E+01
  39    40   .217584801015E+01   .276926108875E+01
  39    41   .358643015937E+01   .456454745071E+01
  39    42   .338471716269E+01   .430782181998E+01
  39    43   .432320849873E+01   .550226533208E+01
  39    44   .454212007778E+01   .578088006753E+01
  39    45   .454225084408E+01   .578104649737E+01
  39    46   .545608418372E+01   .694410710512E+01
  39    47   .652398826071E+01   .830325774116E+01
  39    48   .756628101388E+01   .962981214707E+01
  39    49   .811292014375E+01   .103255346722E+02
  39    50   .801605223105E+01   .102022482385E+02
  39    51   .356994352909E+01   .454356446684E+01
  40    41   .253050714297E+01   .322064543716E+01
  40    42   .431788490352E+01   .549548984730E+01
  40    43   .549212577204E+01   .698997821727E+01
  40    44   .613140713889E+01   .780360904338E+01
  40    45   .626892144774E+01   .797862725370E+01
  40    46   .639833314944E+01   .814333305496E+01
  40    47   .751111391909E+01   .955959948135E+01
  40    48   .862181434114E+01   .109732181926E+02
  40    49   .899649391800E+01   .114500831060E+02
  40    50   .927529412267E+01   .118049197282E+02
  40    51   .434330141489E+01   .552783813432E+01
  41    42   .354871673301E+01   .451654854471E+01
  41    43   .456224703151E+01   .580649619031E+01
  41    44   .562465341304E+01   .715864975946E+01
  41    45   .613658889162E+01   .781020400137E+01
  41    46   .521982451625E+01   .664341298453E+01
  41    47   .611906854960E+01   .778790538437E+01
  41    48   .732454415154E+01   .932214705122E+01
  41    49   .763650773819E+01   .971919161389E+01
  41    50   .812619472231E+01   .103424295903E+02
  41    51   .374769613059E+01   .476979504933E+01
  42    43   .128231219803E+01   .163203369770E+01
  42    44   .227735125714E+01   .289844703877E+01
  42    45   .271979543824E+01   .346155781165E+01
  42    46   .212187307939E+01   .270056572271E+01
  42    47   .328033253851E+01   .417496866265E+01
  42    48   .432416027071E+01   .550347667822E+01
  42    49   .479025550273E+01   .609668878848E+01
  42    50   .496377549240E+01   .631753241049E+01
  42    51   .862356001506E+00   .109754399594E+01
  42    52   .318459842684E+01   .405312524846E+01
  42    53   .432514370356E+01   .550472832002E+01
  42    54   .520608432959E+01   .662592547433E+01
  42    55   .587849236450E+01   .748171751409E+01
  42    56   .509726129116E+01   .648742342617E+01
  42    57   .479900536291E+01   .610782497409E+01
  42    58   .629684344732E+01   .801416434388E+01
  42    59   .498609997280E+01   .634594538539E+01
  42    60   .329695028083E+01   .419611851640E+01
  43    44   .135107343573E+01   .171954799975E+01
  43    45   .216570432178E+01   .275635093999E+01
  43    46   .133574086996E+01   .170003382524E+01
  43    47   .221141636953E+01   .281452990953E+01
  43    48   .328611950048E+01   .418233388694E+01
  43    49   .394917000281E+01   .502621633985E+01
  43    50   .381383452843E+01   .485397119159E+01
  43    51   .186560104342E+01   .237440131507E+01
  43    52   .212811185016E+01   .270850597638E+01
  43    53   .333584740908E+01   .424562395208E+01
  43    54   .406035024200E+01   .516771846169E+01
  43    55   .466604589758E+01   .593860383732E+01
  43    56   .422846924021E+01   .538168809461E+01
  43    57   .423312071593E+01   .538760815459E+01
  43    58   .543600989265E+01   .691855800753E+01
  43    59   .464016950346E+01   .590567024499E+01
  43    60   .221791793635E+01   .282280463090E+01
  43    61   .438433072863E+01   .558005726061E+01
  43    70   .410535997510E+01   .522500357623E+01
  43    99   .407943608797E+01   .519200953825E+01
  44    45   .109469524421E+01   .139324848505E+01
  44    46   .217915525582E+01   .277347031049E+01
  44    47   .271357258007E+01   .345363781038E+01
  44    48   .346085932950E+01   .440473003176E+01
  44    49   .428347275820E+01   .545169257167E+01
  44    50   .360878988551E+01   .459300528384E+01
  44    51   .273435443979E+01   .348008744988E+01
  44    52   .117068216505E+01   .148995911104E+01
  44    53   .213156237509E+01   .271289755353E+01
  44    54   .296873632095E+01   .377839166064E+01
  44    55   .375598536946E+01   .478034498966E+01
  44    56   .317445483380E+01   .404021522103E+01
  44    57   .331452780778E+01   .421848991422E+01
  44    58   .425680133754E+01   .541774712738E+01
  44    59   .361079464576E+01   .459555679687E+01
  44    60   .176332019366E+01   .224422568880E+01
  44    61   .326403353723E+01   .415422447932E+01
  44    70   .293449773251E+01   .373481527559E+01
  44    97   .349267655359E+01   .444522468037E+01
  44    99   .283499359142E+01   .360817364217E+01
  44   100   .358198971945E+01   .455889598175E+01
  45    46   .278314953490E+01   .354219029787E+01
  45    47   .347707778781E+01   .442537170586E+01
  45    48   .394824590995E+01   .502504022168E+01
  45    49   .465153925533E+01   .592014083820E+01
  45    50   .399708856141E+01   .508720359593E+01
  45    51   .290474977873E+01   .369695424372E+01
  45    52   .196964269441E+01   .250681796106E+01
  45    53   .239581548200E+01   .304921968777E+01
  45    54   .319395197832E+01   .406502976846E+01
  45    55   .416662447363E+01   .530297657394E+01
  45    56   .351196810714E+01   .446977756658E+01
  45    57   .359254512504E+01   .457233013426E+01
  45    58   .434836861732E+01   .553428730101E+01
  45    59   .348886086679E+01   .444036835174E+01
  45    60   .273789002922E+01   .348458729095E+01
  45    61   .316999575881E+01   .403454003470E+01
  45    62   .435517504627E+01   .554295002872E+01
  45    70   .258552057844E+01   .329066253647E+01
  45    95   .363938606305E+01   .463194587322E+01
  45    96   .367078328324E+01   .467190597143E+01
  45    97   .271767153987E+01   .345885466828E+01
  45    99   .193868035047E+01   .246741134172E+01
  45   100   .302979809201E+01   .385610664157E+01
  46    47   .133972305606E+01   .170510206207E+01
  46    48   .222937523623E+01   .283738664884E+01
  46    49   .269474019814E+01   .342966932442E+01
  46    50   .300432336006E+01   .382368425563E+01
  46    51   .228220718143E+01   .290462730601E+01
  46    52   .290185174758E+01   .369326584045E+01
  46    53   .399161046130E+01   .508023146854E+01
  46    54   .432664322307E+01   .550663679939E+01
  46    55   .485651719122E+01   .618102184609E+01
  46    56   .507951590360E+01   .646483838757E+01
  46    57   .533826091660E+01   .679415022051E+01
  46    58   .620019569220E+01   .789115811076E+01
  46    59   .576303596748E+01   .733477300960E+01
  46    60   .298475699512E+01   .379878160947E+01
  46    70   .417554622945E+01   .531433153583E+01
  46    72   .372171820895E+01   .473673224016E+01
  47    48   .132939168689E+01   .169195304683E+01
  47    49   .210263179576E+01   .267607681640E+01
  47    50   .208780997473E+01   .265721268065E+01
  47    51   .358765079171E+01   .456610098278E+01
  47    52   .293679008684E+01   .373773281746E+01
  47    53   .390420081575E+01   .496898282937E+01
  47    54   .389385006096E+01   .495580914152E+01
  47    55   .415645837661E+01   .529003790508E+01
  47    56   .494672329677E+01   .629582961616E+01
  47    57   .548396161775E+01   .697958747551E+01
  47    58   .602269500954E+01   .766524815224E+01
  47    59   .614332445346E+01   .781877653457E+01
  47    60   .281468781535E+01   .358232992731E+01
  47    61   .408956869231E+01   .520490558007E+01
  47    69   .392729814071E+01   .499837942461E+01
  47    70   .409450573132E+01   .521118908422E+01
  47    71   .400052066311E+01   .509157172534E+01
  47    72   .320196269386E+01   .407522522456E+01
  47    73   .410341538451E+01   .522252864277E+01
  48    49   .108207406805E+01   .137718517002E+01
  48    50   .108264215507E+01   .137790818987E+01
  48    51   .445892467104E+01   .567499500498E+01
  48    52   .367101501895E+01   .467220090778E+01
  48    53   .433044344324E+01   .551147344322E+01
  48    54   .394201558256E+01   .501711071413E+01
  48    55   .417438295021E+01   .531285099863E+01
  48    56   .550798251204E+01   .701015952262E+01
  48    57   .624563230844E+01   .794898653111E+01
  48    58   .638096539745E+01   .812122864346E+01
  48    59   .682099832192E+01   .868127054428E+01
  48    60   .372407225984E+01   .473972830491E+01
  48    61   .381793718535E+01   .485919275490E+01
  48    62   .416038296582E+01   .529503283677E+01
  48    66   .376503175360E+01   .479185856941E+01
  48    67   .401775563647E+01   .511350714586E+01
  48    68   .370745828802E+01   .471858324998E+01
  48    69   .260394677360E+01   .331411405745E+01
  48    70   .385916132666E+01   .491165984356E+01
  48    71   .269624002009E+01   .343157818871E+01
  48    72   .193062233705E+01   .245715568833E+01
  48    73   .282863965453E+01   .360008681344E+01
  49    50   .186900109419E+01   .237872865239E+01
  49    51   .475848420542E+01   .605625259212E+01
  49    52   .465805556183E+01   .592843431915E+01
  49    53   .533741823440E+01   .679307771589E+01
  49    54   .494367091997E+01   .629194477299E+01
  49    55   .519808195194E+01   .661574063010E+01
  49    56   .655437110889E+01   .834192682046E+01
  49    57   .724884777649E+01   .922580621077E+01
  49    58   .740973489547E+01   .943057163381E+01
  49    59   .774887718780E+01   .986220727625E+01
  49    60   .473665124872E+01   .602846519283E+01
  49    66   .401054553681E+01   .510433065543E+01
  49    67   .405776627473E+01   .516442977610E+01
  49    68   .339405505669E+01   .431970641227E+01
  49    69   .222507683098E+01   .283191595129E+01
  49    71   .250443517238E+01   .318746292931E+01
  49    72   .175807527292E+01   .223755033517E+01
  49    73   .210490003901E+01   .267896367143E+01
  50    51   .515103406863E+01   .655586150621E+01
  50    52   .358919369064E+01   .456806467232E+01
  50    53   .393567730690E+01   .500904381788E+01
  50    54   .325097239860E+01   .413760121206E+01
  50    55   .340916896203E+01   .433894229169E+01
  50    56   .510979327261E+01   .650337322065E+01
  50    57   .602883923587E+01   .767306807662E+01
  50    58   .580479946918E+01   .738792655693E+01
  50    59   .660891778208E+01   .841134985868E+01
  50    60   .372500466982E+01   .474091500851E+01
  50    61   .302035038782E+01   .384408229085E+01
  50    62   .316679259067E+01   .403046327528E+01
  50    63   .438561595788E+01   .558169300693E+01
  50    65   .359349011257E+01   .457353284565E+01
  50    66   .301498275116E+01   .383725075332E+01
  50    67   .324456669282E+01   .412944849566E+01
  50    68   .324119244724E+01   .412515400131E+01
  50    69   .230008030057E+01   .292737491206E+01
  50    70   .321518102094E+01   .409204854983E+01
  50    71   .221529859033E+01   .281947091780E+01
  50    72   .165914286618E+01   .211163636364E+01
  50    73   .285115302065E+01   .362874018835E+01
  51    52   .378519447418E+01   .481752021364E+01
  51    53   .484753862384E+01   .616959457858E+01
  51    54   .565778904802E+01   .720082238556E+01
  51    55   .639878639643E+01   .814390991477E+01
  51    56   .573152169353E+01   .729466393389E+01
  51    57   .545674150818E+01   .694494369989E+01
  51    58   .686250419639E+01   .873409620241E+01
  51    59   .549378898976E+01   .699209503982E+01
  51    60   .400721294731E+01   .510008917791E+01
  52    53   .127835895443E+01   .162700229678E+01
  52    54   .218981118100E+01   .278703239701E+01
  52    55   .281702653398E+01   .358530647828E+01
  52    56   .218007830395E+01   .277464509902E+01
  52    57   .259657776057E+01   .330473531365E+01
  52    58   .335542293177E+01   .427053825355E+01
  52    59   .325918334028E+01   .414805150141E+01
  52    60   .862355552503E+00   .109754342449E+01
  52    61   .286749712393E+01   .364954177422E+01
  52    62   .406829045552E+01   .517782418794E+01
  52    63   .484521160891E+01   .616663292323E+01
  52    64   .493686079899E+01   .628327734633E+01
  52    65   .487286523195E+01   .620182844327E+01
  52    66   .501097223232E+01   .637760098824E+01
  52    67   .596989310186E+01   .759804572465E+01
  52    68   .636672290491E+01   .810310183487E+01
  52    69   .570824874639E+01   .726504381950E+01
  52    70   .282890492636E+01   .360042443213E+01
  52    71   .576934458098E+01   .734280215401E+01
  52    72   .486118994914E+01   .618696899251E+01
  52    73   .622805378060E+01   .792661385944E+01
  52    97   .354284569369E+01   .450907631288E+01
  52    99   .311999753566E+01   .397090593287E+01
  52   100   .334655821062E+01   .425925588124E+01
  53    54   .134964978150E+01   .171773607620E+01
  53    55   .215053384465E+01   .273704306011E+01
  53    56   .137446817014E+01   .174932311611E+01
  53    57   .224081058731E+01   .285194073197E+01
  53    58   .222457734767E+01   .283128024526E+01
  53    59   .279860934661E+01   .356186642176E+01
  53    60   .186134209008E+01   .236898082903E+01
  53    61   .212847352674E+01   .270896629201E+01
  53    62   .335220335870E+01   .426644061513E+01
  53    63   .387946092365E+01   .493749569414E+01
  53    64   .380016424045E+01   .483657264335E+01
  53    65   .424665326010E+01   .540483139253E+01
  53    66   .471174559731E+01   .599676709120E+01
  53    67   .573655053500E+01   .730106427753E+01
  53    68   .638918740167E+01   .813169301241E+01
  53    69   .593123011296E+01   .754883828450E+01
  53    70   .221069837820E+01   .281361610240E+01
  53    71   .594562824357E+01   .756716317790E+01
  53    72   .513476924949E+01   .653516082742E+01
  53    73   .659093865843E+01   .838846733780E+01
  53    93   .439766193620E+01   .559702425197E+01
  53    95   .386551548188E+01   .491974695017E+01
  53    97   .274932436698E+01   .349914008439E+01
  53    99   .262603752548E+01   .334222955969E+01
  53   100   .231712991037E+01   .294907441533E+01
  54    55   .108491545439E+01   .138080147989E+01
  54    56   .223272250779E+01   .284164681263E+01
  54    57   .342638564385E+01   .436085443207E+01
  54    58   .258497600436E+01   .328996944219E+01
  54    59   .400629828009E+01   .509892505600E+01
  54    60   .259089187720E+01   .329749873485E+01
  54    61   .117206948957E+01   .149172479678E+01
  54    62   .215711965054E+01   .274542499484E+01
  54    63   .268851666687E+01   .342174846649E+01
  54    64   .287481980332E+01   .365886154795E+01
  54    65   .326879681956E+01   .416028683861E+01
  54    66   .385972084146E+01   .491237195331E+01
  54    67   .472688509852E+01   .601603554719E+01
  54    68   .551143896299E+01   .701455864199E+01
  54    69   .512499452645E+01   .652272027089E+01
  54    70   .175827039549E+01   .223779867299E+01
  54    71   .501618133833E+01   .638423075949E+01
  54    72   .444430155579E+01   .565638376749E+01
  54    73   .588245379981E+01   .748675934083E+01
  54    74   .356006771807E+01   .453099525289E+01
  54    80   .407491790607E+01   .518625912495E+01
  54    93   .436974543748E+01   .556149416289E+01
  54    95   .399366116956E+01   .508284146086E+01
  54    97   .307492463908E+01   .391354042844E+01
  54    98   .432900284193E+01   .550963995065E+01
  54    99   .315030205277E+01   .400947531807E+01
  54   100   .260564850488E+01   .331627989725E+01
  55    56   .256877804075E+01   .326935385225E+01
  55    57   .387799067751E+01   .493562447179E+01
  55    58   .283461237438E+01   .360768845685E+01
  55    59   .469224459719E+01   .597194763664E+01
  55    60   .291102697378E+01   .370494340101E+01
  55    61   .196757413553E+01   .250418524977E+01
  55    62   .243653487941E+01   .310104437510E+01
  55    63   .267361481481E+01   .340278247306E+01
  55    64   .304289851379E+01   .387277990557E+01
  55    65   .374064898098E+01   .476082594988E+01
  55    66   .436966808090E+01   .556139570905E+01
  55    67   .498706226931E+01   .634717012640E+01
  55    68   .578670136524E+01   .736489260659E+01
  55    69   .532479639303E+01   .677701355425E+01
  55    70   .272783507430E+01   .347179007566E+01
  55    71   .502821937029E+01   .639955189099E+01
  55    72   .476132188609E+01   .605986418568E+01
  55    73   .609009296393E+01   .775102736645E+01
  55    74   .321364735722E+01   .409009661420E+01
  55    75   .408395714053E+01   .519776360511E+01
  55    80   .357717154339E+01   .455276375771E+01
  55    97   .409965556954E+01   .521774342374E+01
  55    99   .422883312286E+01   .538215121798E+01
  55   100   .354474673214E+01   .451149581635E+01
  56    57   .134489885353E+01   .171168944063E+01
  56    58   .134876242826E+01   .171660671753E+01
  56    59   .230491757015E+01   .293353143695E+01
  56    60   .237077129101E+01   .301734526304E+01
  56    61   .320754580904E+01   .408233100747E+01
  56    62   .427904921584E+01   .544606260871E+01
  56    63   .443426901898E+01   .564361508435E+01
  56    64   .416615515604E+01   .530237926065E+01
  56    65   .530280809400E+01   .674902844654E+01
  56    66   .594350340571E+01   .756445883883E+01
  56    67   .692208550292E+01   .880992695576E+01
  56    68   .765339386941E+01   .974068305350E+01
  56    69   .718471026608E+01   .914417665251E+01
  56    70   .342237510898E+01   .435575011500E+01
  56    71   .710775304877E+01   .904623110375E+01
  56    72   .642307963036E+01   .817482857596E+01
  56    73   .785861883838E+01   .100018784671E+02
  56    97   .351716185653E+01   .447638779303E+01
  56    99   .356253880268E+01   .453414026964E+01
  56   100   .286996496240E+01   .365268265954E+01
  57    58   .218622908304E+01   .278247336327E+01
  57    59   .135813568160E+01   .172853631263E+01
  57    60   .276345124541E+01   .351711974774E+01
  57    61   .427743108582E+01   .544400317050E+01
  57    62   .544916331385E+01   .693529872533E+01
  57    63   .566822162706E+01   .721410021336E+01
  57    64   .529508871659E+01   .673920378443E+01
  57    65   .633893927090E+01   .806774084632E+01
  57    66   .689178866269E+01   .877136734113E+01
  57    67   .796409964354E+01   .101361267639E+02
  57    68   .861079049328E+01   .109591878409E+02
  57    69   .811389561154E+01   .103267761767E+02
  57    70   .428174715178E+01   .544949634533E+01
  57    71   .812665370618E+01   .103430137516E+02
  57    72   .728999162013E+01   .927817110239E+01
  57    73   .871883050448E+01   .110966933089E+02
  57    97   .388146624036E+01   .494004791539E+01
  57    99   .379101039213E+01   .482492229099E+01
  57   100   .337709996191E+01   .429812720085E+01
  58    59   .265392258963E+01   .337771964114E+01
  58    60   .365193978895E+01   .464792334245E+01
  58    61   .334080199677E+01   .425192979093E+01
  58    62   .418391001561E+01   .532497635452E+01
  58    63   .395247306309E+01   .503042023473E+01
  58    64   .341844901171E+01   .435075326395E+01
  58    65   .517703702411E+01   .658895617664E+01
  58    66   .607694137601E+01   .773428898192E+01
  58    67   .705437477582E+01   .897829512036E+01
  58    68   .797423237246E+01   .101490229643E+02
  58    69   .768942738438E+01   .978654389049E+01
  58    70   .362213666755E+01   .460999209724E+01
  58    71   .758599545133E+01   .965490324914E+01
  58    72   .699181157255E+01   .889866922572E+01
  58    73   .845112615152E+01   .107559786798E+02
  58    90   .427090257243E+01   .543569415351E+01
  58    91   .388279197227E+01   .494173521053E+01
  58    92   .391321911441E+01   .498046066395E+01
  58    93   .363941127777E+01   .463197796468E+01
  58    95   .430037201636E+01   .547320071831E+01
  58    97   .341751340539E+01   .434956249227E+01
  58    98   .435318105669E+01   .554041222381E+01
  58    99   .377584949410E+01   .480562660270E+01
  58   100   .259379026743E+01   .330118759512E+01
  59    60   .368985764059E+01   .469618242610E+01
  59    61   .456522060232E+01   .581028073496E+01
  59    62   .575440937607E+01   .732379371151E+01
  59    63   .597730736973E+01   .760748206552E+01
  59    64   .543737588778E+01   .692029654678E+01
  59    65   .641390813638E+01   .816315576551E+01
  59    66   .698268784395E+01   .888705720756E+01
  59    67   .818112234481E+01   .104123374731E+02
  59    68   .885468391004E+01   .112695976424E+02
  59    69   .850052153688E+01   .108188455335E+02
  59    70   .434987312663E+01   .553620213103E+01
  59    71   .863545424011E+01   .109905780640E+02
  59    72   .764924602809E+01   .973540398277E+01
  59    73   .910799501133E+01   .115919935877E+02
  59    95   .426164331219E+01   .542390964054E+01
  59    97   .332211901197E+01   .422815144676E+01
  59    99   .325371049144E+01   .414108605748E+01
  59   100   .297096680874E+01   .378123046326E+01
  60    61   .343755598506E+01   .437507122990E+01
  60    62   .453831196785E+01   .577603338219E+01
  60    63   .526197890889E+01   .669706402941E+01
  60    64   .542808554925E+01   .690847247963E+01
  60    65   .545788750305E+01   .694640223881E+01
  60    66   .556990932238E+01   .708897546263E+01
  60    67   .640619778556E+01   .815334259180E+01
  60    68   .674293580752E+01   .858191825377E+01
  60    69   .596224368552E+01   .758831010390E+01
  60    70   .354467649522E+01   .451140642391E+01
  60    71   .592865942053E+01   .754556649415E+01
  60    72   .515683763333E+01   .656324786124E+01
  60    73   .643710534223E+01   .819267948189E+01
  60    97   .437247720522E+01   .556497095817E+01
  60    99   .397884904611E+01   .506398966748E+01
  60   100   .410569214164E+01   .522542633365E+01
  61    62   .128863433717E+01   .164008005656E+01
  61    63   .219482603460E+01   .279341493793E+01
  61    64   .247309655915E+01   .314757742179E+01
  61    65   .214948156488E+01   .273570379496E+01
  61    66   .278246051271E+01   .354131336054E+01
  61    67   .376894806547E+01   .479684296631E+01
  61    68   .464421800180E+01   .591082287922E+01
  61    69   .447044479293E+01   .568965697821E+01
  61    70   .862371267456E+00   .109756342533E+01
  61    71   .447976125944E+01   .570151429916E+01
  61    72   .381657888177E+01   .485746400491E+01
  61    73   .527842494783E+01   .671799535158E+01
  61    74   .323282191228E+01   .411450059323E+01
  61    75   .433109119543E+01   .551229785509E+01
  61    76   .483172389889E+01   .614946674694E+01
  61    77   .548838745670E+01   .698522036141E+01
  61    78   .527837396571E+01   .671793046524E+01
  61    79   .494233424642E+01   .629024355211E+01
  61    80   .375888640485E+01   .478403721649E+01
  61    93   .400768599912E+01   .510069124384E+01
  61    94   .387467968456E+01   .493141048078E+01
  61    95   .332625205976E+01   .423341168938E+01
  61    96   .392488741906E+01   .499531123344E+01
  61    97   .263701233080E+01   .335619749366E+01
  61    98   .376428011582E+01   .479090193952E+01
  61    99   .276904792222E+01   .352424279091E+01
  61   100   .239674539654E+01   .305040321535E+01
  62    63   .135370746795E+01   .172290040437E+01
  62    64   .209280652625E+01   .266357192800E+01
  62    65   .134576055814E+01   .171278615558E+01
  62    66   .226713330021E+01   .288544236638E+01
  62    67   .295438347389E+01   .376012440085E+01
  62    68   .405572917255E+01   .516183710060E+01
  62    69   .409932858113E+01   .521732725667E+01
  62    70   .186401990257E+01   .237238895400E+01
  62    71   .399093933498E+01   .507937730778E+01
  62    72   .367475536349E+01   .467696134626E+01
  62    73   .499200639790E+01   .635346265366E+01
  62    74   .223708064873E+01   .284719353743E+01
  62    75   .345992646248E+01   .440354274646E+01
  62    76   .404244732572E+01   .514493293200E+01
  62    77   .487501646628E+01   .620456637786E+01
  62    78   .424515394315E+01   .540292317097E+01
  62    79   .391763518515E+01   .498608111760E+01
  62    80   .265063334040E+01   .337353332396E+01
  62    81   .391558411569E+01   .498347066558E+01
  62    86   .416425903941E+01   .529996602131E+01
  62    87   .345234510196E+01   .439389374222E+01
  62    88   .366815680172E+01   .466856317678E+01
  62    89   .426974359913E+01   .543421909659E+01
  62    93   .436071497265E+01   .555000084408E+01
  62    94   .415865414112E+01   .529283251443E+01
  62    95   .391762925504E+01   .498607357019E+01
  62    97   .354294044744E+01   .450919690857E+01
  62    98   .341674107383E+01   .434857952484E+01
  62    99   .380932343458E+01   .484822979944E+01
  62   100   .332558940343E+01   .423256830860E+01
  63    64   .108634743945E+01   .138262400632E+01
  63    65   .219767240740E+01   .279703759419E+01
  63    66   .340394648234E+01   .433229549940E+01
  63    67   .391527429075E+01   .498307634293E+01
  63    68   .514512672837E+01   .654834307319E+01
  63    69   .529147155437E+01   .673460012345E+01
  63    70   .282742631422E+01   .359854256215E+01
  63    71   .506975127341E+01   .645241067650E+01
  63    72   .496295239193E+01   .631648482808E+01
  63    73   .620075015778E+01   .789186379422E+01
  63    74   .118565558666E+01   .150901619299E+01
  63    75   .220593271141E+01   .280755070833E+01
  63    76   .272753527195E+01   .347140850905E+01
  63    77   .353444132696E+01   .449837984620E+01
  63    78   .319911301782E+01   .407159836416E+01
  63    79   .319483416205E+01   .406615254775E+01
  63    80   .218112523111E+01   .277597755176E+01
  63    81   .278798625466E+01   .354834612298E+01
  63    82   .380621496969E+01   .484427357142E+01
  63    83   .406225520791E+01   .517014296375E+01
  63    85   .428697011849E+01   .545614375747E+01
  63    86   .373043263057E+01   .474782332216E+01
  63    87   .250219223046E+01   .318460827598E+01
  63    88   .332418693532E+01   .423078334920E+01
  63    89   .339794700841E+01   .432465980535E+01
  63    90   .415196553852E+01   .528431974754E+01
  63    93   .398051491752E+01   .506610986745E+01
  63    94   .408984098267E+01   .520525213144E+01
  63    95   .425538175603E+01   .541594038729E+01
  63    97   .399062585180E+01   .507897832920E+01
  63    98   .257250899138E+01   .327410233485E+01
  63   100   .356280192306E+01   .453447515013E+01
  64    65   .272514063881E+01   .346836079415E+01
  64    66   .402242552928E+01   .511945064577E+01
  64    67   .473811696429E+01   .603033064900E+01
  64    68   .597737447970E+01   .760756747822E+01
  64    69   .616668156660E+01   .784850376932E+01
  64    70   .293698521041E+01   .373798115654E+01
  64    71   .603187931320E+01   .767693726592E+01
  64    72   .575383471186E+01   .732306232069E+01
  64    73   .706653969139E+01   .899377774009E+01
  64    74   .195735918200E+01   .249118439989E+01
  64    75   .246429431851E+01   .313637457012E+01
  64    76   .250258153685E+01   .318510375684E+01
  64    77   .306686414641E+01   .390328161964E+01
  64    78   .368934079312E+01   .469552462023E+01
  64    79   .397580466004E+01   .506011499432E+01
  64    80   .315580491512E+01   .401647896102E+01
  64    81   .258336377599E+01   .328791751518E+01
  64    82   .335581017602E+01   .427103110986E+01
  64    83   .328526960820E+01   .418125220587E+01
  64    84   .427176855956E+01   .543679631894E+01
  64    85   .399472121697E+01   .508419061210E+01
  64    86   .365224269223E+01   .464830885571E+01
  64    87   .259543704517E+01   .330328349406E+01
  64    88   .313082742222E+01   .398468942478E+01
  64    89   .246339697657E+01   .313523249857E+01
  64    90   .309679002854E+01   .394136910578E+01
  64    91   .353803516810E+01   .450295382580E+01
  64    92   .438173315941E+01   .557675126344E+01
  64    93   .299585554851E+01   .381290704098E+01
  64    94   .331949415375E+01   .422481071814E+01
  64    95   .369709324958E+01   .470539138295E+01
  64    97   .351236399822E+01   .447028142795E+01
  64    98   .169243082123E+01   .215400285166E+01
  64    99   .416004241477E+01   .529459940816E+01
  64   100   .299042814916E+01   .380599944186E+01
  65    66   .133985888621E+01   .170527493680E+01
  65    67   .220899650795E+01   .281145008573E+01
  65    68   .340021217221E+01   .432754274108E+01
  65    69   .381773394223E+01   .485893408185E+01
  65    70   .221034612696E+01   .281316778264E+01
  65    71   .393561955621E+01   .500897031700E+01
  65    72   .348040879947E+01   .442961117522E+01
  65    73   .468801482246E+01   .596656428702E+01
  65    74   .298802027999E+01   .380293488111E+01
  65    75   .413093728851E+01   .525755652040E+01
  65    76   .444298903122E+01   .565471328168E+01
  65    77   .534669057252E+01   .680487887344E+01
  65    78   .479620580103E+01   .610426189536E+01
  65    79   .461585645690E+01   .587472636771E+01
  65    80   .331952716392E+01   .422485273108E+01
  65    81   .394882869021E+01   .502578194201E+01
  65    86   .338805303848E+01   .431206748005E+01
  65    87   .334760178628E+01   .426058406844E+01
  65    88   .289002906887E+01   .367821879491E+01
  65    89   .426974604762E+01   .543422221284E+01
  65    94   .385773704209E+01   .490984711776E+01
  65    95   .363329504892E+01   .462419367345E+01
  65    96   .397198790252E+01   .505525730297E+01
  65    97   .361407312417E+01   .459972940572E+01
  65    98   .345102545070E+01   .439221418608E+01
  65    99   .386544265924E+01   .491965426680E+01
  65   100   .367892986779E+01   .468227435170E+01
  66    67   .134297370987E+01   .170923925780E+01
  66    68   .222033208571E+01   .282587718462E+01
  66    69   .269440423624E+01   .342924173655E+01
  66    70   .265173790041E+01   .337493912761E+01
  66    71   .303992023769E+01   .386898937237E+01
  66    72   .237960429570E+01   .302858726895E+01
  66    73   .349798993769E+01   .445198716919E+01
  66    74   .407307029219E+01   .518390761639E+01
  66    75   .528908099368E+01   .673155759168E+01
  66    76   .571362702715E+01   .727188890407E+01
  66    77   .665342378998E+01   .846799386843E+01
  66    78   .578412608375E+01   .736161497562E+01
  66    79   .539360795829E+01   .686459190955E+01
  66    80   .406881103008E+01   .517848673737E+01
  66    86   .430216098379E+01   .547547758593E+01
  66    88   .388273612751E+01   .494166413539E+01
  66    95   .425698871167E+01   .541798560354E+01
  66    96   .429585924878E+01   .546745719596E+01
  66    97   .420307034351E+01   .534936222626E+01
  66    99   .419538079303E+01   .533957552570E+01
  67    68   .134151202029E+01   .170737892562E+01
  67    69   .213409362919E+01   .271611914964E+01
  67    70   .383936992167E+01   .488647078281E+01
  67    71   .231337406103E+01   .294429424346E+01
  67    72   .231357155459E+01   .294454559891E+01
  67    73   .293635167072E+01   .373717483331E+01
  67    74   .422486095014E+01   .537709572546E+01
  67    75   .540993849215E+01   .688537622526E+01
  67    76   .597553081907E+01   .760522100106E+01
  67    77   .700491306064E+01   .891534384684E+01
  67    78   .559269945828E+01   .711798108998E+01
  67    79   .506351198623E+01   .644446976558E+01
  67    80   .383668415673E+01   .488305253654E+01
  68    69   .126968143541E+01   .161595818173E+01
  68    70   .462028981833E+01   .588036882768E+01
  68    71   .179589761503E+01   .228568786123E+01
  68    72   .179572641849E+01   .228546997473E+01
  68    73   .179565439895E+01   .228537831349E+01
  68    74   .545483552461E+01   .694251790263E+01
  68    75   .666382005197E+01   .848122547453E+01
  68    76   .729731590840E+01   .928749292378E+01
  68    77   .832677118736E+01   .105977087262E+02
  68    78   .677474470437E+01   .862240230409E+01
  68    79   .610487233006E+01   .776983746870E+01
  68    80   .493204054431E+01   .627714247677E+01
  69    70   .451069400133E+01   .574088324317E+01
  69    71   .915468194264E+00   .116514133181E+01
  69    72   .915041758339E+00   .116459859518E+01
  69    73   .915209310435E+00   .116481184330E+01
  69    74   .561692041691E+01   .714880776443E+01
  69    75   .687683005068E+01   .875232910777E+01
  69    76   .766925460035E+01   .976086943822E+01
  69    77   .866167663971E+01   .110239520269E+02
  69    78   .702551191838E+01   .894156057472E+01
  69    79   .617937367875E+01   .786465736651E+01
  69    80   .502666269635E+01   .639757066962E+01
  70    71   .469075901744E+01   .597005689880E+01
  70    72   .378058683497E+01   .481165594559E+01
  70    73   .526366990296E+01   .669921620366E+01
  70    74   .393467702786E+01   .500777073548E+01
  70    75   .501536429079E+01   .638319088081E+01
  70    76   .536665741567E+01   .683029121913E+01
  70    77   .600379232757E+01   .764119019349E+01
  70    78   .598506562924E+01   .761735621394E+01
  70    79   .571091858674E+01   .726844179811E+01
  70    80   .448534628793E+01   .570862251720E+01
  70    88   .438678165426E+01   .558317662048E+01
  70    93   .382570991054E+01   .486908531419E+01
  70    94   .347972409162E+01   .442873972887E+01
  70    95   .270218312446E+01   .343914213968E+01
  70    96   .316839378518E+01   .403250115920E+01
  70    97   .202480963554E+01   .257703043121E+01
  70    98   .391865345005E+01   .498737709110E+01
  70    99   .203383383855E+01   .258851578042E+01
  70   100   .204922375469E+01   .260810294632E+01
  71    72   .149482603805E+01   .190250585625E+01
  71    73   .149427731858E+01   .190180748602E+01
  71    74   .523142867588E+01   .665818191488E+01
  71    75   .645659102410E+01   .821747944050E+01
  71    76   .736663555301E+01   .937571792552E+01
  71    77   .836134279765E+01   .106417089573E+02
  71    78   .649848924190E+01   .827080444467E+01
  71    79   .554574116571E+01   .705821599067E+01
  71    80   .448754420230E+01   .571141986275E+01
  72    73   .149442811992E+01   .190199941500E+01
  72    74   .545323924072E+01   .694048626859E+01
  72    75   .674398346727E+01   .858325163890E+01
  72    76   .750018411276E+01   .954568881883E+01
  72    77   .844119341700E+01   .107433370177E+02
  72    78   .705998883919E+01   .898544029188E+01
  72    79   .625873534845E+01   .796566312740E+01
  72    80   .503550557773E+01   .640882524587E+01
  73    74   .652058636995E+01   .829892806204E+01
  73    75   .777586157885E+01   .989655104649E+01
  73    76   .858073251591E+01   .109209322335E+02
  73    77   .957575301447E+01   .121873219521E+02
  73    78   .788498392814E+01   .100354340357E+02
  73    79   .699737390404E+01   .890574855666E+01
  73    80   .588766703081E+01   .749339436207E+01
  74    75   .129587941068E+01   .164930105917E+01
  74    76   .226255547822E+01   .287961604751E+01
  74    77   .317775543388E+01   .404441598474E+01
  74    78   .205185828596E+01   .261145598610E+01
  74    79   .205198528184E+01   .261161761721E+01
  74    80   .128308859010E+01   .163302183305E+01
  74    81   .254842303199E+01   .324344747761E+01
  74    82   .378564402650E+01   .481809237114E+01
  74    83   .433670929838E+01   .551944816790E+01
  74    84   .536125909533E+01   .682342062964E+01
  74    85   .437304904905E+01   .556569875940E+01
  74    86   .395067824931E+01   .502813592630E+01
  74    87   .223602632652E+01   .284585167281E+01
  74    88   .378628793382E+01   .481891188954E+01
  74    89   .394293838597E+01   .501828519120E+01
  74    98   .320346520758E+01   .407713751473E+01
  75    76   .134646384573E+01   .171368124887E+01
  75    77   .213729410738E+01   .272019248550E+01
  75    78   .132889936457E+01   .169132645480E+01
  75    79   .205679477250E+01   .261773878712E+01
  75    80   .211857565325E+01   .269636899856E+01
  75    81   .212292427040E+01   .270190360217E+01
  75    82   .336060997964E+01   .427713995081E+01
  75    83   .396947800297E+01   .505206288537E+01
  75    84   .487625296253E+01   .620614010035E+01
  75    85   .424970005470E+01   .540870913109E+01
  75    86   .420089383160E+01   .534659212021E+01
  75    87   .218908857975E+01   .278611272271E+01
  75    88   .417074049373E+01   .530821514495E+01
  75    89   .382317477282E+01   .486585877528E+01
  75    98   .329141859101E+01   .418907818394E+01
  76    77   .108268113752E+01   .137795780389E+01
  76    78   .223057504871E+01   .283891368291E+01
  76    79   .329136965272E+01   .418901589884E+01
  76    80   .327117970665E+01   .416331960399E+01
  76    81   .117320965372E+01   .149317591479E+01
  76    82   .217727508600E+01   .277107736709E+01
  76    83   .275459933665E+01   .350585368211E+01
  76    84   .359025776303E+01   .456941894625E+01
  76    85   .329233828379E+01   .419024870201E+01
  76    86   .358188518875E+01   .455876294269E+01
  76    87   .175103217820E+01   .222858639649E+01
  76    88   .359164646125E+01   .457118638035E+01
  76    89   .285986922419E+01   .363983353825E+01
  76    90   .391554535183E+01   .498342132975E+01
  76    91   .411137366833E+01   .523265736758E+01
  76    98   .255855002967E+01   .325633638367E+01
  77    78   .297781247758E+01   .378994313266E+01
  77    79   .408508721426E+01   .519920188076E+01
  77    80   .421895836240E+01   .536958334111E+01
  77    81   .197631798692E+01   .251531378784E+01
  77    82   .248004953739E+01   .315642666677E+01
  77    83   .269154873710E+01   .342560746493E+01
  77    84   .326702000990E+01   .415802544451E+01
  77    85   .379201640393E+01   .482620266964E+01
  77    86   .432817568135E+01   .550858720082E+01
  77    87   .273043722928E+01   .347510190926E+01
  77    88   .430316600071E+01   .547675669837E+01
  77    89   .289553246390E+01   .368522311582E+01
  77    90   .374045157943E+01   .476057471155E+01
  77    91   .363701020211E+01   .462892205022E+01
  77    98   .287727893887E+01   .366199135681E+01
  78    79   .132613898198E+01   .168781324060E+01
  78    80   .206953438177E+01   .263395283518E+01
  78    81   .278793528465E+01   .354828125206E+01
  78    82   .399668924123E+01   .508669537024E+01
  78    83   .489017680091E+01   .622386134910E+01
  78    84   .575327917099E+01   .732235526868E+01
  78    85   .472337638509E+01   .601156991194E+01
  78    86   .466824839631E+01   .594140701751E+01
  78    87   .267062617711E+01   .339897875237E+01
  78    88   .484355558876E+01   .616452526123E+01
  79    80   .133869347818E+01   .170379169023E+01
  79    81   .377406845731E+01   .480335982861E+01
  79    82   .504786518633E+01   .642455565672E+01
  79    83   .587924109547E+01   .748267044442E+01
  79    84   .682078521946E+01   .868099932297E+01
  79    85   .563152431582E+01   .716739454477E+01
  79    86   .531355442371E+01   .676270559337E+01
  79    87   .345288553773E+01   .439458156956E+01
  79    88   .540502692586E+01   .687912514093E+01
  80    81   .348186833299E+01   .443146876333E+01
  80    82   .474087103451E+01   .603383582926E+01
  80    83   .547662379241E+01   .697024842514E+01
  80    84   .650667669808E+01   .828122484339E+01
  80    85   .514665607274E+01   .655028951147E+01
  80    86   .458436125977E+01   .583464157159E+01
  80    87   .297913132300E+01   .379162166319E+01
  80    88   .454569408187E+01   .578542879998E+01
  81    82   .129081902828E+01   .164286057250E+01
  81    83   .222762280143E+01   .283515627730E+01
  81    84   .317585819694E+01   .404200131956E+01
  81    85   .216491197118E+01   .275534249378E+01
  81    86   .243336040719E+01   .309700413775E+01
  81    87   .861399994267E+00   .109632725946E+01
  81    88   .254242143875E+01   .323580908625E+01
  81    89   .250017726726E+01   .318204377737E+01
  81    90   .374690371021E+01   .476878651431E+01
  81    91   .431015862405E+01   .548565640075E+01
  81    92   .538787294202E+01   .685729279798E+01
  81    93   .439704204313E+01   .559623529716E+01
  81    94   .457614148868E+01   .582418004481E+01
  81    95   .542735184284E+01   .690753867147E+01
  81    96   .618705478933E+01   .787443332538E+01
  81    97   .567546401059E+01   .722331779235E+01
  81    98   .217073241463E+01   .276275033086E+01
  81    99   .638778278697E+01   .812990532099E+01
  81   100   .530837322808E+01   .675611134442E+01
  82    83   .134776072827E+01   .171533182665E+01
  82    84   .212999287934E+01   .271090001350E+01
  82    85   .135472134817E+01   .172419079738E+01
  82    86   .222384166733E+01   .283034392483E+01
  82    87   .185749574261E+01   .236408547773E+01
  82    88   .239664248544E+01   .305027223759E+01
  82    89   .214709361047E+01   .273266458026E+01
  82    90   .337418051144E+01   .429441153664E+01
  82    91   .409108064037E+01   .520682987759E+01
  82    92   .515046087026E+01   .655513198102E+01
  82    93   .424329914978E+01   .540056252488E+01
  82    94   .436767636396E+01   .555886079660E+01
  82    95   .544010464263E+01   .692376950749E+01
  82    96   .614419007881E+01   .781987823956E+01
  82    97   .591086536191E+01   .752291951057E+01
  82    98   .222892553090E+01   .283681429661E+01
  82    99   .668223202783E+01   .850465889823E+01
  82   100   .562607835404E+01   .716046332071E+01
  83    84   .107871095252E+01   .137290484119E+01
  83    85   .219384000669E+01   .279215999331E+01
  83    86   .295325378719E+01   .375868661779E+01
  83    87   .285501662708E+01   .363365750559E+01
  83    88   .277333365589E+01   .352969736101E+01
  83    89   .117119967024E+01   .149061775401E+01
  83    90   .216961783250E+01   .276133177179E+01
  83    91   .292760236116E+01   .372603934846E+01
  83    92   .393628240837E+01   .500981394702E+01
  83    93   .323207229518E+01   .411354653511E+01
  83    94   .356546300936E+01   .453786198721E+01
  83    95   .478465850171E+01   .608956533266E+01
  83    96   .556062587467E+01   .707716016561E+01
  83    97   .529899862223E+01   .674418002795E+01
  83    98   .175052638834E+01   .222794266394E+01
  83    99   .613006069049E+01   .780189538179E+01
  83   100   .498948097322E+01   .635024847681E+01
  84    85   .283563666802E+01   .360899210329E+01
  84    86   .378696230320E+01   .481977017783E+01
  84    87   .385303295653E+01   .490386009980E+01
  84    88   .366653424132E+01   .466649809991E+01
  84    89   .195700624367E+01   .249073520565E+01
  84    90   .244471967498E+01   .311146138758E+01
  84    91   .300514190025E+01   .382472603405E+01
  84    92   .387824986783E+01   .493595435037E+01
  84    93   .367709893900E+01   .467994407871E+01
  84    94   .410321854395E+01   .522227811842E+01
  84    95   .540755376079E+01   .688234111264E+01
  84    96   .615351767083E+01   .783174972025E+01
  84    97   .599026318176E+01   .762397128074E+01
  84    98   .271647733776E+01   .345733477470E+01
  84    99   .683855204208E+01   .870361164255E+01
  84   100   .569046440894E+01   .724240920832E+01
  85    86   .126107439277E+01   .160500376388E+01
  85    87   .221437903266E+01   .281830057168E+01
  85    88   .173640591728E+01   .220997115542E+01
  85    89   .285628250342E+01   .363526862093E+01
  85    90   .402448170193E+01   .512206759275E+01
  85    91   .501932778160E+01   .638823532363E+01
  85    92   .601959478318E+01   .766130240962E+01
  85    93   .467083642276E+01   .594470086934E+01
  85    94   .439873879265E+01   .559839479654E+01
  85    95   .540371975043E+01   .687746146312E+01
  85    96   .589959903893E+01   .750858055414E+01
  85    97   .605158061198E+01   .770201164605E+01
  85    98   .283735733123E+01   .361118203827E+01
  85    99   .675826131605E+01   .860142344634E+01
  85   100   .595486196503E+01   .757891518697E+01
  86    87   .205196433655E+01   .261159095957E+01
  86    88   .844714748273E+00   .107509149195E+01
  86    89   .317345400379E+01   .403894143739E+01
  86    90   .430995451573E+01   .548539662652E+01
  86    91   .541431048917E+01   .689094058507E+01
  86    92   .638168769692E+01   .812214793370E+01
  86    93   .460577852925E+01   .586189991441E+01
  86    94   .407710041345E+01   .518903686160E+01
  86    95   .483058269295E+01   .614801430302E+01
  86    96   .521352293752E+01   .663539279346E+01
  86    97   .544832200768E+01   .693422797203E+01
  86    98   .284106389277E+01   .361589948021E+01
  86    99   .605700632957E+01   .770891710477E+01
  86   100   .545562884271E+01   .694352758021E+01
  87    88   .222292686297E+01   .282917962838E+01
  87    89   .298578035628E+01   .380008406913E+01
  87    90   .423350331414E+01   .538809509776E+01
  87    91   .491985532734E+01   .626163401890E+01
  87    92   .597453168628E+01   .760394937752E+01
  87    93   .467502500618E+01   .595003179367E+01
  87    94   .465014667027E+01   .591836845722E+01
  87    95   .535069129127E+01   .680997069728E+01
  87    96   .602078188067E+01   .766281326096E+01
  87    97   .558959439116E+01   .711402918639E+01
  87    98   .246969848953E+01   .314325260593E+01
  87    99   .623013160078E+01   .792925835783E+01
  87   100   .530184402382E+01   .674780144814E+01
  88    89   .269671431359E+01   .343218183498E+01
  88    90   .372638741709E+01   .474267486866E+01
  88    91   .489133774604E+01   .622533891562E+01
  88    92   .580642180327E+01   .738999134576E+01
  88    93   .385912952107E+01   .491161936372E+01
  88    94   .326388038717E+01   .415402956106E+01
  88    95   .398718261083E+01   .507459602253E+01
  88    96   .439960056328E+01   .559949159551E+01
  88    97   .461503615884E+01   .587368235201E+01
  88    98   .228825147008E+01   .291232003698E+01
  88    99   .523338642920E+01   .666067360091E+01
  88   100   .464729626106E+01   .591474066370E+01
  89    90   .128719607104E+01   .163824953604E+01
  89    91   .224286624592E+01   .285455702472E+01
  89    92   .323412224972E+01   .411615556815E+01
  89    93   .214223796157E+01   .272648466352E+01
  89    94   .260986118557E+01   .332164149082E+01
  89    95   .376394693225E+01   .479047788769E+01
  89    96   .463491540408E+01   .589898320945E+01
  89    97   .418079304909E+01   .532100930625E+01
  89    98   .861675943569E+00   .109667846766E+01
  89    99   .502226849144E+01   .639197804523E+01
  89   100   .383103389908E+01   .487586129956E+01
  90    91   .135472134817E+01   .172419079738E+01
  90    92   .211639213949E+01   .269358998106E+01
  90    93   .133654503541E+01   .170105730854E+01
  90    94   .228165198532E+01   .290392069279E+01
  90    95   .344575010707E+01   .438550011240E+01
  90    96   .436854807344E+01   .555997024502E+01
  90    97   .383047433844E+01   .487514913148E+01
  90    98   .185572909968E+01   .236183702310E+01
  90    99   .468988370820E+01   .596894286886E+01
  90   100   .345254383605E+01   .439414667651E+01
  91    92   .108547670375E+01   .138151579725E+01
  91    93   .216909344010E+01   .276066436328E+01
  91    94   .342028798520E+01   .435309377565E+01
  91    95   .438210463794E+01   .557722405430E+01
  91    96   .537722026838E+01   .684373484978E+01
  91    97   .448767293509E+01   .571158370449E+01
  91    98   .274358020132E+01   .349182932813E+01
  91    99   .531215666147E+01   .676092662326E+01
  91   100   .391429392343E+01   .498182860270E+01
  92    93   .252362291328E+01   .321188369033E+01
  92    94   .381124587616E+01   .485067654326E+01
  92    95   .462511542974E+01   .588651051490E+01
  92    96   .558055406721E+01   .710252331961E+01
  92    97   .465908353610E+01   .592974265003E+01
  92    98   .371064583154E+01   .472264012353E+01
  92    99   .542311966308E+01   .690215226090E+01
  92   100   .410093276572E+01   .521936894614E+01
  93    94   .133812847863E+01   .170307259989E+01
  93    95   .222876066833E+01   .283660447152E+01
  93    96   .320851573092E+01   .408356545349E+01
  93    97   .255142475674E+01   .324726785453E+01
  93    98   .223563286254E+01   .284535090047E+01
  93    99   .340007802453E+01   .432737200766E+01
  93   100   .225495926894E+01   .286994814485E+01
  94    95   .133956379935E+01   .170489937172E+01
  94    96   .211637018503E+01   .269356203902E+01
  94    97   .220064108130E+01   .280081590641E+01
  94    98   .251701922889E+01   .320347900116E+01
  94    99   .296601373686E+01   .377492655364E+01
  94   100   .235809839089E+01   .300121611752E+01
  95    96   .107033796559E+01   .136224831243E+01
  95    97   .115334466874E+01   .146789320677E+01
  95    98   .346036881401E+01   .440410573932E+01
  95    99   .172930412427E+01   .220093250982E+01
  95   100   .175186363839E+01   .222964461854E+01
  96    97   .186291843696E+01   .237098708868E+01
  96    98   .433674670833E+01   .551949578057E+01
  96    99   .199431902088E+01   .253822419458E+01
  96   100   .265420619872E+01   .337808059817E+01
  97    98   .376626698109E+01   .479343067712E+01
  97    99   .861434155652E+00   .109637073759E+01
  97   100   .862584962387E+00   .109783540070E+01
  98    99   .456709013977E+01   .581266014625E+01
  98   100   .341251588231E+01   .434320200839E+01
  99   100   .151135075198E+01   .192353731024E+01
