       1         2   .2606901440407749E+01   .2824506484326066E+01
       1         3   .4311861579410916E+01   .4671784211626217E+01
       1         4   .4042645094489501E+01   .4380095505808067E+01
       1         5   .5474328813653775E+01   .5931285698733449E+01
       2         3   .2801473233853927E+01   .3035319706390082E+01
       2         4   .2317862239219580E+01   .2511340407033664E+01
       2         5   .4420330688986971E+01   .4789307528234123E+01
       2         6   .2136136578030536E+01   .2314445618285297E+01
       3         4   .1681125777566927E+01   .1821453847891845E+01
       3         5   .3224215811635442E+01   .3493349739147226E+01
       3         6   .2870160887476519E+01   .3109740902390422E+01
       3        17   .2269821411477120E+01   .2459289482757160E+01
       3        18   .3143089925535061E+01   .3405452058097426E+01
       3        19   .2793132463740308E+01   .3026282709860400E+01
       3        21   .2910366155658081E+01   .3153302211967638E+01
       4         5   .2243858204076186E+01   .2431159056910923E+01
       4         6   .3205987080448084E+01   .3473599406955274E+01
       4        17   .2598665642209482E+01   .2815583221998601E+01
       4        18   .2695634129476773E+01   .2920645928557585E+01
       5        18   .3272586738346289E+01   .3545758316636937E+01
       5        43   .3175395345464871E+01   .3440454097935323E+01
       5        44   .2186062268097595E+01   .2368538739391865E+01
       6         7   .2739302728797967E+01   .2967959662798668E+01
       6         8   .3367624426802962E+01   .3648729055438342E+01
       6         9   .2819738987920692E+01   .3055110151860323E+01
       6        17   .2664327299713756E+01   .2886725833881699E+01
       7         8   .2390989209511410E+01   .2590571481353100E+01
       7         9   .3911109372032441E+01   .4237580144374853E+01
       7        10   .2290485319752126E+01   .2481678262789115E+01
       8         9   .2411915172637708E+01   .2613244190656507E+01
       8        10   .2592799151496311E+01   .2809227039596478E+01
       8        12   .2673591038285398E+01   .2896762841518096E+01
       8        13   .3233634704168054E+01   .3503554851861181E+01
       9        13   .3135404911650163E+01   .3397125555524841E+01
       9        14   .2689732693038469E+01   .2914251883417075E+01
       9        16   .2830529667747719E+01   .3066801558627491E+01
       9        17   .3013250218617766E+01   .3264774283162623E+01
      10        11   .2687289065210511E+01   .2911604279430840E+01
      10        12   .2495378752814886E+01   .2703674699367506E+01
      11        19   .3178591751074680E+01   .3443917316080628E+01
      11        21   .3086723693497688E+01   .3344380785735980E+01
      11        22   .2392855423965263E+01   .2592593473724713E+01
      12        13   .2138949676827397E+01   .2317493533971569E+01
      12        14   .2536503459489067E+01   .2748232195430366E+01
      13        14   .2560722913553906E+01   .2774473312180171E+01
      14        15   .2696303833027721E+01   .2921371534057244E+01
      14        16   .2567949921630094E+01   .2782303577972757E+01
      14        17   .2157210226194932E+01   .2337278340292399E+01
      14        18   .3354306050437260E+01   .3634298958533821E+01
      14        19   .2472542836838226E+01   .2678932608334899E+01
      15        16   .2279993991220156E+01   .2470311194971196E+01
      15        17   .2910137440053303E+01   .3153054404858881E+01
      15        18   .2467875069771563E+01   .2673875210251967E+01
      15        34   .3247267546722938E+01   .3518325664289764E+01
      15        36   .2671587243568887E+01   .2894591784690892E+01
      16        17   .1707622874056216E+01   .1850162727978276E+01
      16        18   .1707843212944326E+01   .1850401459143393E+01
      17        18   .1707041721809990E+01   .1849533065397863E+01
      17        19   .2765804063920657E+01   .2996673135328581E+01
      19        20   .2675404552586393E+01   .2898727734713972E+01
      19        21   .2438719327844025E+01   .2642285760473309E+01
      19        22   .2288071668457965E+01   .2479063137558222E+01
      19        23   .4216438454430463E+01   .4568395862882282E+01
      19        24   .4211028254476569E+01   .4562534059050954E+01
      19        25   .5057539128864944E+01   .5479705462887578E+01
      19        26   .6118498701478979E+01   .6629226172035461E+01
      19        27   .7598704402725510E+01   .8232988606818308E+01
      19        28   .2586948341192760E+01   .2802887846489754E+01
      20        21   .2316829825429572E+01   .2510221814900035E+01
      20        22   .2906645675000655E+01   .3149271172827137E+01
      20        23   .3285012968010934E+01   .3559221796966298E+01
      20        24   .2335835233915267E+01   .2530813655724180E+01
      20        25   .3842813942932963E+01   .4163583912928858E+01
      20        26   .4934595938878888E+01   .5346499875619564E+01
      20        27   .6122833504187421E+01   .6633922812333591E+01
      20        40   .3242961701901523E+01   .3513660399071035E+01
      20        41   .3282160300777526E+01   .3556131009960125E+01
      20        42   .2661795198733363E+01   .2883982371652084E+01
      20        44   .3014760554339266E+01   .3266410690651131E+01
      21        22   .1680594585258449E+01   .1820878315538965E+01
      21        23   .2900799282956341E+01   .3142936766783580E+01
      21        24   .2564299319502311E+01   .2778348250309889E+01
      21        25   .2663530739450922E+01   .2885862782600720E+01
      21        26   .4262839373000110E+01   .4618669990376015E+01
      21        27   .5370058718487161E+01   .5818311899511744E+01
      22        23   .2264525221762831E+01   .2453551205905432E+01
      22        24   .2901187611996163E+01   .3143357510688213E+01
      22        25   .3533963089790272E+01   .3828952452042204E+01
      22        26   .4034222690928205E+01   .4370970061668234E+01
      22        27   .5686842420887003E+01   .6161538385825406E+01
      22        28   .2624831453636593E+01   .2843933163771608E+01
      23        24   .1680668759750116E+01   .1820958681574075E+01
      23        25   .2881437113663944E+01   .3121958385372873E+01
      23        26   .2093902882179593E+01   .2268686562749471E+01
      23        27   .4019416584530644E+01   .4354928049922293E+01
      23        48   .3096106522715262E+01   .3354546824833421E+01
      24        25   .2235307182469555E+01   .2421894258633101E+01
      24        26   .2687104188527121E+01   .2911403970595630E+01
      24        27   .3870973112797349E+01   .4194093604105659E+01
      24        45   .3105823298257644E+01   .3365074685649635E+01
      24        48   .2505206698059061E+01   .2714323009518207E+01
      25        26   .2681075545373531E+01   .2904872100454678E+01
      25        27   .2883126594515055E+01   .3123788891714671E+01
      25        45   .2894593553506262E+01   .3136213028478775E+01
      26        27   .2145627796240536E+01   .2324729093894603E+01
      26        50   .2726728457327571E+01   .2954335783217608E+01
      27        49   .3337872831609980E+01   .3616494014926615E+01
      27        50   .2793617926632059E+01   .3026808695639684E+01
      28        29   .2675188419532351E+01   .2898493560455154E+01
      28        30   .2187232753961039E+01   .2369806928844624E+01
      28        31   .4468221024076586E+01   .4841195397833062E+01
      28        32   .4292757020843364E+01   .4651084944397382E+01
      28        33   .6544941194541021E+01   .7091264961909127E+01
      28        34   .2589812078124590E+01   .2805990627211718E+01
      29        30   .2950051436839702E+01   .3196300129837621E+01
      29        31   .3035355234564809E+01   .3288724463982957E+01
      29        32   .3965719223545713E+01   .4296748426426666E+01
      29        33   .5585809871451051E+01   .6052072378945910E+01
      29        46   .3223813028077156E+01   .3492913334166766E+01
      29        47   .2680962133264843E+01   .2904749221533586E+01
      29        54   .2122345702283208E+01   .2299503581210520E+01
      30        31   .3492484021438035E+01   .3784011014783121E+01
      30        32   .2353966278433058E+01   .2550458147078673E+01
      30        33   .4544630057551438E+01   .4923982497938024E+01
      30        34   .2397516139674557E+01   .2597643231854595E+01
      30        39   .3262252356884737E+01   .3534561296681672E+01
      31        32   .4070870506415062E+01   .4410676968448271E+01
      31        33   .4729201636640161E+01   .5123960760973874E+01
      31        54   .2428729355033206E+01   .2631461897881103E+01
      32        33   .2406984985412250E+01   .2607902467501423E+01
      32        34   .3001449769694641E+01   .3251988819168974E+01
      32        35   .2867103555855629E+01   .3106428367112300E+01
      32        38   .3320084715786636E+01   .3597221077442980E+01
      32        39   .2847391437790031E+01   .3085070825767211E+01
      32        59   .2948073743989456E+01   .3194157353669353E+01
      33        59   .2937105990596868E+01   .3182274092531944E+01
      34        35   .2644950434318196E+01   .2865731529644746E+01
      34        36   .2287575441378931E+01   .2478525489076119E+01
      34        37   .3393271742728547E+01   .3676517221501898E+01
      34        38   .3364326779609854E+01   .3645156144803678E+01
      34        39   .2153367019344356E+01   .2333114330674773E+01
      34        40   .2630528061055421E+01   .2850105282265901E+01
      35        36   .2919842290261587E+01   .3163569344901425E+01
      35        37   .2466428592114515E+01   .2672307991231547E+01
      35        38   .2376160053531749E+01   .2574504496014719E+01
      35        39   .2743218985061164E+01   .2972202819458996E+01
      35        55   .3061786249887470E+01   .3317361746930831E+01
      35        57   .2322047329405668E+01   .2515874837904301E+01
      35        59   .2043405158063371E+01   .2213973658379879E+01
      35        60   .2540420902134133E+01   .2752476637503033E+01
      36        37   .1680366567151351E+01   .1820631264149887E+01
      36        38   .2929964982725899E+01   .3174537005611995E+01
      36        39   .2432594951898079E+01   .2635650166467474E+01
      36        40   .2545090269518939E+01   .2757535769486950E+01
      37        38   .2371292095040169E+01   .2569230195992564E+01
      37        39   .2930006430027071E+01   .3174581912630382E+01
      37        57   .3197419253085219E+01   .3464316400099743E+01
      38        39   .1681126324819166E+01   .1821454440824694E+01
      38        60   .2555967464581661E+01   .2769320913148205E+01
      40        41   .2361525295227640E+01   .2558648135246422E+01
      40        42   .2389063389698982E+01   .2588484908204022E+01
      40        43   .4770761779841877E+01   .5168990040617222E+01
      40        44   .4502191870633684E+01   .4878001881918460E+01
      40        45   .6525933943888799E+01   .7070671125147882E+01
      40        46   .2538262145642168E+01   .2750137683826026E+01
      41        42   .1680744573098481E+01   .1821040823265638E+01
      41        43   .2416686458769532E+01   .2618413748818171E+01
      41        44   .2665477083000336E+01   .2887971592658068E+01
      41        45   .5422719041219086E+01   .5875367920394437E+01
      42        43   .3271197273170790E+01   .3544252869082568E+01
      42        44   .2701493557275311E+01   .2926994458484679E+01
      42        45   .4387261592383115E+01   .4753478065585243E+01
      42        46   .2747218906457944E+01   .2976536625005643E+01
      42        48   .2867268965409419E+01   .3106607583844474E+01
      43        44   .2254113874674482E+01   .2442270795796405E+01
      43        45   .5107928914932155E+01   .5534301419330174E+01
      44        45   .3331408272787946E+01   .3609489842069092E+01
      46        47   .2234448262994689E+01   .2420963642849677E+01
      46        48   .2543519152670171E+01   .2755833507307722E+01
      46        49   .5321048189971598E+01   .5765210330941970E+01
      46        50   .6092818100025641E+01   .6601401942012020E+01
      46        51   .2310369823210131E+01   .2503222578996925E+01
      47        48   .2335345610396884E+01   .2530283162019618E+01
      47        49   .4308376241694776E+01   .4668007943437972E+01
      47        50   .4581106599938488E+01   .4963503834993983E+01
      47        51   .2965806426589575E+01   .3213370230770185E+01
      47        54   .2767353703450285E+01   .2998352127419328E+01
      48        49   .2980676849307888E+01   .3229481927492395E+01
      48        50   .3800633515612891E+01   .4117882572390815E+01
      49        50   .1661257210669072E+01   .1799926798511535E+01
      51        52   .2811838515989139E+01   .3046550206380982E+01
      51        53   .2409915409303822E+01   .2611077501722232E+01
      51        54   .3952291866752760E+01   .4282200252206805E+01
      51        55   .1734163394839136E+01   .1878918657100407E+01
      52        53   .2901109601514569E+01   .3143272988462826E+01
      52        54   .4433057576887535E+01   .4803096763547448E+01
      52        55   .3351454579731013E+01   .3631209467932135E+01
      53        54   .2608106347524958E+01   .2825811968266815E+01
      53        55   .3099319693093951E+01   .3358028207147757E+01
      53        59   .3153105719762660E+01   .3416303897489215E+01
      55        56   .2775603393858715E+01   .3007290441576939E+01
      55        57   .2167959658296247E+01   .2348925056275738E+01
      55        58   .3379347215069796E+01   .3661430376232762E+01
      55        59   .2756907600918103E+01   .2987034060736505E+01
      55        60   .3915956051847370E+01   .4242831389532236E+01
      55        61   .5351462424421942E+01   .5798163322984268E+01
      55        62   .4907712065718611E+01   .5317371933577718E+01
      55        63   .6044345814064577E+01   .6548883544544061E+01
      56        57   .2930890499489873E+01   .3175539777738581E+01
      56        58   .2536352570129009E+01   .2748068710931376E+01
      56        59   .2928508774103300E+01   .3172959243356274E+01
      56        60   .3497043791547375E+01   .3788951401113513E+01
      56        61   .3650240797536517E+01   .3954936171419209E+01
      56        62   .2606147869941378E+01   .2823690011314978E+01
      56        63   .3722000445996754E+01   .4032685789892394E+01
      57        58   .1681507169178887E+01   .1821867075282934E+01
      57        59   .2326213223245027E+01   .2520388470057745E+01
      57        60   .2440424454884847E+01   .2644133219034170E+01
      57        61   .3831666264172809E+01   .4151505707571654E+01
      57        62   .3818177104326094E+01   .4136890571431640E+01
      57        63   .5006154687981584E+01   .5424031825127871E+01
      58        59   .2924832289209071E+01   .3168975872423135E+01
      58        60   .2325107954482969E+01   .2519190941552461E+01
      58        61   .2514471252569816E+01   .2724360901202339E+01
      58        62   .2309430864953527E+01   .2502205243380325E+01
      58        63   .3670226772285328E+01   .3976590428998186E+01
      59        60   .1680721309438307E+01   .1821015617725455E+01
      59        61   .3598459626006665E+01   .3898832686843593E+01
      59        62   .3939148410507026E+01   .4267959676473061E+01
      59        63   .4392067230815122E+01   .4758684843525574E+01
      60        61   .2348604240820493E+01   .2544648525828273E+01
      60        62   .3285161536363170E+01   .3559382766716728E+01
      60        63   .3623561844373570E+01   .3926030254595599E+01
      61        62   .1707830284308134E+01   .1850387451319319E+01
      61        63   .1706883803895265E+01   .1849361965651928E+01
      62        63   .1706677087207774E+01   .1849137993768992E+01
