       1         2   .2690566535137162E+01   .2744926906130652E+01
       1         3   .4450245141562428E+01   .4540158166848375E+01
       1         4   .4172388505400717E+01   .4256687698199156E+01
       1         5   .5650020242441609E+01   .5764173597316439E+01
       2         3   .2891382856005060E+01   .2949800532239422E+01
       2         4   .2392250998536735E+01   .2440584184165751E+01
       2         5   .4562195425450343E+01   .4654370301125604E+01
       2         6   .2204693089751952E+01   .2249236843909509E+01
       3         4   .1735079312308232E+01   .1770134960956369E+01
       3         5   .3327692804331553E+01   .3394925713472976E+01
       3         6   .2962274950101695E+01   .3022124934545228E+01
       3        17   .2342668363213193E+01   .2389999778242664E+01
       3        18   .3243963288941476E+01   .3309504521828003E+01
       3        19   .2882774399775328E+01   .2941018150233012E+01
       3        21   .3003770553820647E+01   .3064458917982096E+01
       4         5   .2315871900602451E+01   .2362661918260843E+01
       4         6   .3308879045840151E+01   .3375731840653228E+01
       4        17   .2682066419759216E+01   .2736255053901230E+01
       4        18   .2782146983895710E+01   .2838357651882510E+01
       5        18   .3377616132718460E+01   .3445857695842939E+01
       5        43   .3277305509103472E+01   .3343520390247376E+01
       5        44   .2256221079593045E+01   .2301805908411916E+01
       6         7   .2827217069840939E+01   .2884338336603386E+01
       6         8   .3475703931579901E+01   .3545927266597551E+01
       6         9   .2910234825576796E+01   .2969033388158511E+01
       6        17   .2749835402346837E+01   .2805393245161896E+01
       7         8   .2467724883369294E+01   .2517582947988009E+01
       7         9   .4036631315837501E+01   .4118187662066894E+01
       7        10   .2363995452618299E+01   .2411757761467763E+01
       8         9   .2489322437933660E+01   .2539616860867005E+01
       8        10   .2676011651693615E+01   .2730077954930956E+01
       8        12   .2759396448501011E+01   .2815147463277900E+01
       8        13   .3337413983910299E+01   .3404843300359066E+01
       9        13   .3236031634579607E+01   .3301412615835828E+01
       9        14   .2776056148567599E+01   .2832143756944546E+01
       9        16   .2921371818170362E+01   .2980395393232249E+01
       9        17   .3109956546320224E+01   .3172790298774884E+01
      10        11   .2773534095698119E+01   .2829570748364491E+01
      10        12   .2575464672636760E+01   .2627499518553709E+01
      11        19   .3280604499173894E+01   .3346886033315147E+01
      11        21   .3185788056352778E+01   .3250153913278571E+01
      11        22   .2469650991537058E+01   .2519547971363112E+01
      12        13   .2207596471278215E+01   .2252198885533875E+01
      12        14   .2617909223025124E+01   .2670801621236592E+01
      13        14   .2642905968815388E+01   .2696303402809114E+01
      14        15   .2782838180706880E+01   .2839062813676368E+01
      14        16   .2650364918270690E+01   .2703913053335851E+01
      14        17   .2226443069112702E+01   .2271426261184807E+01
      14        18   .3461958119330737E+01   .3531903733116180E+01
      14        19   .2551895867781447E+01   .2603454528122207E+01
      15        16   .2353167418608378E+01   .2400710957195809E+01
      15        17   .3003534497887446E+01   .3064218092760369E+01
      15        18   .2547078294831158E+01   .2598539620633097E+01
      15        34   .3351484354730006E+01   .3419197949812208E+01
      15        36   .2757328344611865E+01   .2813037575291167E+01
      16        17   .1762426798479873E+01   .1798034977412846E+01
      16        18   .1762654208856631E+01   .1798266982402779E+01
      17        18   .1761826994911820E+01   .1797423055376784E+01
      17        19   .2854568930679381E+01   .2912242816112699E+01
      19        20   .2761268165173386E+01   .2817056996228510E+01
      19        21   .2516986837470552E+01   .2567840193625766E+01
      19        22   .2361504338340291E+01   .2409216316564375E+01
      19        23   .4351759536095710E+01   .4439682752179479E+01
      19        24   .4346175702844971E+01   .4433986102819897E+01
      19        25   .5219854237428471E+01   .5325316492003078E+01
      19        26   .6314863920940811E+01   .6442449818198039E+01
      19        27   .7842574889664750E+01   .8001026752861165E+01
      19        28   .2669973067279888E+01   .2723917366588049E+01
      20        21   .2391185450775414E+01   .2439497108012228E+01
      20        22   .2999930669198875E+01   .3060541452096346E+01
      20        23   .3390441165984156E+01   .3458941846865889E+01
      20        24   .2410800813007990E+01   .2459508780224211E+01
      20        25   .3966144034197445E+01   .4046276251073323E+01
      20        26   .5092965346436201E+01   .5195863930089010E+01
      20        27   .6319337843476958E+01   .6447014132139003E+01
      20        40   .3347040319446425E+01   .3414664126967691E+01
      20        41   .3387496946124088E+01   .3455938141807521E+01
      20        42   .2747222036894721E+01   .2802727079114194E+01
      20        44   .3111515354292824E+01   .3174380600999193E+01
      21        22   .1734531072076836E+01   .1769575644045775E+01
      21        23   .2993896644842641E+01   .3054385515942613E+01
      21        24   .2646597154838647E+01   .2700069165780762E+01
      21        25   .2749013277523405E+01   .2804554510078200E+01
      21        26   .4399649631504761E+01   .4488540422008024E+01
      21        27   .5542403734842849E+01   .5654382799209826E+01
      22        23   .2337202199211698E+01   .2384423175529041E+01
      22        24   .2994297436795483E+01   .3054794405520608E+01
      22        25   .3647381016565174E+01   .3721072925918008E+01
      22        26   .4163695795804492E+01   .4247819360566078E+01
      22        27   .5869354196161614E+01   .5987938987665117E+01
      22        28   .2709071988707570E+01   .2763806245017908E+01
      23        24   .1734607627101874E+01   .1769653745793225E+01
      23        25   .2973913072031528E+01   .3033998193803022E+01
      23        26   .2161103958628555E+01   .2204767035312350E+01
      23        27   .4148414506772435E+01   .4232229327434890E+01
      23        48   .3195472015211522E+01   .3260033527434954E+01
      24        25   .2307046445132820E+01   .2353658152748606E+01
      24        26   .2773343285639193E+01   .2829376083167453E+01
      24        27   .3995206935816967E+01   .4075926341336408E+01
      24        45   .3205500637965931E+01   .3270264769097449E+01
      24        48   .2585608032939251E+01   .2637847815928732E+01
      25        26   .2767121161062517E+01   .2823028246404909E+01
      25        27   .2975656774562546E+01   .3035777126206727E+01
      25        45   .2987491750616227E+01   .3047851216841138E+01
      26        27   .2214488916206180E+01   .2259230585841123E+01
      26        50   .2814239243561215E+01   .2871098305526998E+01
      27        49   .3444997497822027E+01   .3514600438172173E+01
      27        50   .2883275442964131E+01   .2941529316529075E+01
      28        29   .2761045095611442E+01   .2816829419755480E+01
      28        30   .2257429130670549E+01   .2303038367027347E+01
      28        31   .4611622738256028E+01   .4704796246385174E+01
      28        32   .4430527447155700E+01   .4520042094936727E+01
      28        33   .6754992528493282E+01   .6891470811082352E+01
      28        34   .2672928712105882E+01   .2726932727443053E+01
      29        30   .3044729482236475E+01   .3106245383095159E+01
      29        31   .3132770993864695E+01   .3196065690814253E+01
      29        32   .4092993799164619E+01   .4175688896457688E+01
      29        33   .5765079139092542E+01   .5881557150959260E+01
      29        46   .3327277093961367E+01   .3394501604065021E+01
      29        47   .2767004109140422E+01   .2822908829558613E+01
      29        54   .2190459613871026E+01   .2234715794010506E+01
      30        31   .3604570731723819E+01   .3677397699460855E+01
      30        32   .2429513749703833E+01   .2478599794238671E+01
      30        33   .4690484019800087E+01   .4785250846089469E+01
      30        34   .2474461286825880E+01   .2524455454152437E+01
      30        39   .3366950082790064E+01   .3434976148388810E+01
      31        32   .4201519775033795E+01   .4286407537787329E+01
      31        33   .4880979182500164E+01   .4979594784718930E+01
      31        54   .2506676249538423E+01   .2557321289943838E+01
      32        33   .2484234022792541E+01   .2534425639074860E+01
      32        34   .3097777377411103E+01   .3160365061191510E+01
      32        35   .2959119497418107E+01   .3018905728902443E+01
      32        38   .3426638495668901E+01   .3495870509615600E+01
      32        39   .2938774744685271E+01   .2998149929539879E+01
      32        59   .3042688317918878E+01   .3104162978968728E+01
      33        59   .3031368568815084E+01   .3092614524961042E+01
      34        35   .2729836661780337E+01   .2784990448816659E+01
      34        36   .2360992185501683E+01   .2408693816158462E+01
      34        37   .3502174364591237E+01   .3572932509857979E+01
      34        38   .3472300450709877E+01   .3542455021591666E+01
      34        39   .2222476519561004E+01   .2267379571223132E+01
      34        40   .2714951421296519E+01   .2769804466022826E+01
      35        36   .3013550812579743E+01   .3074436777687912E+01
      35        37   .2545585394364131E+01   .2597016557513638E+01
      35        38   .2452419805008923E+01   .2501968644887462E+01
      35        39   .2831259013230687E+01   .2888461943664829E+01
      35        55   .3160050278081027E+01   .3223896127358940E+01
      35        57   .2396570403722785E+01   .2444990858878616E+01
      35        59   .2108985576053091E+01   .2151595649744623E+01
      35        60   .2621952390872115E+01   .2674926477494289E+01
      36        37   .1734295736026591E+01   .1769335553251563E+01
      36        38   .3023998379629192E+01   .3085095428021632E+01
      36        39   .2510665907682665E+01   .2561391555385474E+01
      36        40   .2626771615500667E+01   .2679843070032270E+01
      37        38   .2447395615751567E+01   .2496842946602768E+01
      37        39   .3024041157127326E+01   .3085139069798957E+01
      37        57   .3300036245255503E+01   .3366710379584208E+01
      38        39   .1735079877123816E+01   .1770135537183522E+01
      38        60   .2637997899923350E+01   .2691296170992707E+01
      40        41   .2437315363263440E+01   .2486559032076253E+01
      40        42   .2465737256886870E+01   .2515555163378451E+01
      40        43   .4923873144182335E+01   .5023355378628914E+01
      40        44   .4646683834736342E+01   .4740565719405231E+01
      40        45   .6735375264972252E+01   .6871457199168167E+01
      40        46   .2619724351911854E+01   .2672653423098472E+01
      41        42   .1734685873580573E+01   .1769733573168570E+01
      41        43   .2494246852258217E+01   .2544640768360050E+01
      41        44   .2751022086425331E+01   .2806603905078161E+01
      41        45   .5596754121810251E+01   .5709831284722872E+01
      42        43   .3376182074474067E+01   .3444394663797982E+01
      42        44   .2788194462371664E+01   .2844527313983822E+01
      42        45   .4528065019409508E+01   .4619550322271642E+01
      42        46   .2835387306877137E+01   .2892673645608848E+01
      42        48   .2959290215575350E+01   .3019079896259786E+01
      43        44   .2326456713545301E+01   .2373460587412398E+01
      43        45   .5271861217824307E+01   .5378374224614720E+01
      44        45   .3438325467433233E+01   .3507793605672939E+01
      46        47   .2306159959759943E+01   .2352753756770984E+01
      46        48   .2625150075709955E+01   .2678188768552356E+01
      46        49   .5491820277467210E+01   .5602777350564630E+01
      46        50   .6288359134146209E+01   .6415409527068405E+01
      46        51   .2384518123227419E+01   .2432695073370277E+01
      47        48   .2410295475662683E+01   .2458993233012241E+01
      47        49   .4446647946487331E+01   .4536488293823759E+01
      47        50   .4728131229143283E+01   .4823658681955013E+01
      47        51   .3060990107791926E+01   .3122834539324815E+01
      47        54   .2856168303864464E+01   .2913874503131527E+01
      48        49   .3076337777292994E+01   .3138492294080073E+01
      48        50   .3922609881188798E+01   .4001862531372111E+01
      49        50   .1714573089722333E+01   .1749214429393945E+01
      51        52   .2902080798323852E+01   .2960714616439755E+01
      51        53   .2487258494809096E+01   .2537511217709197E+01
      51        54   .4079135508903819E+01   .4161550612452049E+01
      51        55   .1789819102591096E+01   .1825980717313301E+01
      52        53   .2994216922669435E+01   .3054712264682228E+01
      52        54   .4575330766185105E+01   .4667771029088721E+01
      52        55   .3459015134398805E+01   .3528901287936513E+01
      53        54   .2691810112173586E+01   .2746195608473653E+01
      53        55   .3198788308094173E+01   .3263416822902030E+01
      53        59   .3254300526995010E+01   .3320050614072021E+01
      55        56   .2864682757304902E+01   .2922560983110535E+01
      55        57   .2237537490188707E+01   .2282744834623436E+01
      55        58   .3487802947415462E+01   .3558270731689761E+01
      55        59   .2845386947323687E+01   .2902875319403162E+01
      55        60   .4041633543506888E+01   .4123290955050352E+01
      55        61   .5523210617023397E+01   .5634801902462939E+01
      55        62   .5065218670501801E+01   .5167556658615369E+01
      55        63   .6238331193516419E+01   .6364370818863399E+01
      56        57   .3024953599644133E+01   .3086069947360234E+01
      56        58   .2617753491068255E+01   .2670642742861732E+01
      56        59   .3022495435893993E+01   .3083562118719196E+01
      56        60   .3609276841695583E+01   .3682198891966598E+01
      56        61   .3767390505376371E+01   .3843507093788176E+01
      56        62   .2689788779811527E+01   .2744133436988803E+01
      56        63   .3841453185970126E+01   .3919066141314795E+01
      57        58   .1735472944185530E+01   .1770536545796215E+01
      57        59   .2400869996480446E+01   .2449377320871576E+01
      57        60   .2518746688335292E+01   .2569635600625117E+01
      57        61   .3954638585256561E+01   .4034538345337669E+01
      57        62   .3940716508453761E+01   .4020334986042830E+01
      57        63   .5166820680070094E+01   .5271211441405096E+01
      58        59   .3018700959021938E+01   .3079690978004120E+01
      58        60   .2399729255561964E+01   .2448213532353740E+01
      58        61   .2595169921219036E+01   .2647602893184705E+01
      58        62   .2383549030332708E+01   .2431706400863392E+01
      58        63   .3788017903864761E+01   .3864551249498443E+01
      59        60   .1734661863303629E+01   .1769709077786521E+01
      59        61   .3713947484819895E+01   .3788984307172574E+01
      59        62   .4065570230607268E+01   .4147711260442322E+01
      59        63   .4533024888526426E+01   .4624610400887843E+01
      60        61   .2423979624501824E+01   .2472953857232278E+01
      60        62   .3390594502443491E+01   .3459098281344436E+01
      60        63   .3739855326078803E+01   .3815415592042364E+01
      61        62   .1762640865292758E+01   .1798253369244724E+01
      61        63   .1761664008828008E+01   .1797256776312157E+01
      62        63   .1761450657838593E+01   .1797039114766290E+01
